family_size,family,size,from_machine,to_machine,count,adjacent_arcs_total,total_jobs,frequency_over_all_adjacent_arcs,frequency_per_job
abz_10x10,abz,10x10,0,1,5,180,20,0.027777777777777776,0.25
abz_10x10,abz,10x10,0,2,1,180,20,0.005555555555555556,0.05
abz_10x10,abz,10x10,0,3,3,180,20,0.016666666666666666,0.15
abz_10x10,abz,10x10,0,4,2,180,20,0.011111111111111112,0.1
abz_10x10,abz,10x10,0,5,0,180,20,0.0,0.0
abz_10x10,abz,10x10,0,6,2,180,20,0.011111111111111112,0.1
abz_10x10,abz,10x10,0,7,2,180,20,0.011111111111111112,0.1
abz_10x10,abz,10x10,0,8,2,180,20,0.011111111111111112,0.1
abz_10x10,abz,10x10,0,9,2,180,20,0.011111111111111112,0.1
abz_10x10,abz,10x10,1,0,1,180,20,0.005555555555555556,0.05
abz_10x10,abz,10x10,1,2,2,180,20,0.011111111111111112,0.1
abz_10x10,abz,10x10,1,3,0,180,20,0.0,0.0
abz_10x10,abz,10x10,1,4,5,180,20,0.027777777777777776,0.25
abz_10x10,abz,10x10,1,5,3,180,20,0.016666666666666666,0.15
abz_10x10,abz,10x10,1,6,2,180,20,0.011111111111111112,0.1
abz_10x10,abz,10x10,1,7,3,180,20,0.016666666666666666,0.15
abz_10x10,abz,10x10,1,8,1,180,20,0.005555555555555556,0.05
abz_10x10,abz,10x10,1,9,0,180,20,0.0,0.0
abz_10x10,abz,10x10,2,0,2,180,20,0.011111111111111112,0.1
abz_10x10,abz,10x10,2,1,4,180,20,0.022222222222222223,0.2
abz_10x10,abz,10x10,2,3,1,180,20,0.005555555555555556,0.05
abz_10x10,abz,10x10,2,4,2,180,20,0.011111111111111112,0.1
abz_10x10,abz,10x10,2,5,1,180,20,0.005555555555555556,0.05
abz_10x10,abz,10x10,2,6,1,180,20,0.005555555555555556,0.05
abz_10x10,abz,10x10,2,7,2,180,20,0.011111111111111112,0.1
abz_10x10,abz,10x10,2,8,2,180,20,0.011111111111111112,0.1
abz_10x10,abz,10x10,2,9,2,180,20,0.011111111111111112,0.1
abz_10x10,abz,10x10,3,0,4,180,20,0.022222222222222223,0.2
abz_10x10,abz,10x10,3,1,2,180,20,0.011111111111111112,0.1
abz_10x10,abz,10x10,3,2,1,180,20,0.005555555555555556,0.05
abz_10x10,abz,10x10,3,4,3,180,20,0.016666666666666666,0.15
abz_10x10,abz,10x10,3,5,0,180,20,0.0,0.0
abz_10x10,abz,10x10,3,6,3,180,20,0.016666666666666666,0.15
abz_10x10,abz,10x10,3,7,2,180,20,0.011111111111111112,0.1
abz_10x10,abz,10x10,3,8,1,180,20,0.005555555555555556,0.05
abz_10x10,abz,10x10,3,9,1,180,20,0.005555555555555556,0.05
abz_10x10,abz,10x10,4,0,1,180,20,0.005555555555555556,0.05
abz_10x10,abz,10x10,4,1,1,180,20,0.005555555555555556,0.05
abz_10x10,abz,10x10,4,2,3,180,20,0.016666666666666666,0.15
abz_10x10,abz,10x10,4,3,3,180,20,0.016666666666666666,0.15
abz_10x10,abz,10x10,4,5,3,180,20,0.016666666666666666,0.15
abz_10x10,abz,10x10,4,6,3,180,20,0.016666666666666666,0.15
abz_10x10,abz,10x10,4,7,1,180,20,0.005555555555555556,0.05
abz_10x10,abz,10x10,4,8,3,180,20,0.016666666666666666,0.15
abz_10x10,abz,10x10,4,9,2,180,20,0.011111111111111112,0.1
abz_10x10,abz,10x10,5,0,1,180,20,0.005555555555555556,0.05
abz_10x10,abz,10x10,5,1,1,180,20,0.005555555555555556,0.05
abz_10x10,abz,10x10,5,2,4,180,20,0.022222222222222223,0.2
abz_10x10,abz,10x10,5,3,2,180,20,0.011111111111111112,0.1
abz_10x10,abz,10x10,5,4,0,180,20,0.0,0.0
abz_10x10,abz,10x10,5,6,3,180,20,0.016666666666666666,0.15
abz_10x10,abz,10x10,5,7,3,180,20,0.016666666666666666,0.15
abz_10x10,abz,10x10,5,8,4,180,20,0.022222222222222223,0.2
abz_10x10,abz,10x10,5,9,1,180,20,0.005555555555555556,0.05
abz_10x10,abz,10x10,6,0,0,180,20,0.0,0.0
abz_10x10,abz,10x10,6,1,0,180,20,0.0,0.0
abz_10x10,abz,10x10,6,2,4,180,20,0.022222222222222223,0.2
abz_10x10,abz,10x10,6,3,2,180,20,0.011111111111111112,0.1
abz_10x10,abz,10x10,6,4,2,180,20,0.011111111111111112,0.1
abz_10x10,abz,10x10,6,5,6,180,20,0.03333333333333333,0.3
abz_10x10,abz,10x10,6,7,0,180,20,0.0,0.0
abz_10x10,abz,10x10,6,8,2,180,20,0.011111111111111112,0.1
abz_10x10,abz,10x10,6,9,2,180,20,0.011111111111111112,0.1
abz_10x10,abz,10x10,7,0,3,180,20,0.016666666666666666,0.15
abz_10x10,abz,10x10,7,1,3,180,20,0.016666666666666666,0.15
abz_10x10,abz,10x10,7,2,2,180,20,0.011111111111111112,0.1
abz_10x10,abz,10x10,7,3,3,180,20,0.016666666666666666,0.15
abz_10x10,abz,10x10,7,4,1,180,20,0.005555555555555556,0.05
abz_10x10,abz,10x10,7,5,0,180,20,0.0,0.0
abz_10x10,abz,10x10,7,6,2,180,20,0.011111111111111112,0.1
abz_10x10,abz,10x10,7,8,1,180,20,0.005555555555555556,0.05
abz_10x10,abz,10x10,7,9,3,180,20,0.016666666666666666,0.15
abz_10x10,abz,10x10,8,0,4,180,20,0.022222222222222223,0.2
abz_10x10,abz,10x10,8,1,0,180,20,0.0,0.0
abz_10x10,abz,10x10,8,2,2,180,20,0.011111111111111112,0.1
abz_10x10,abz,10x10,8,3,1,180,20,0.005555555555555556,0.05
abz_10x10,abz,10x10,8,4,1,180,20,0.005555555555555556,0.05
abz_10x10,abz,10x10,8,5,3,180,20,0.016666666666666666,0.15
abz_10x10,abz,10x10,8,6,1,180,20,0.005555555555555556,0.05
abz_10x10,abz,10x10,8,7,2,180,20,0.011111111111111112,0.1
abz_10x10,abz,10x10,8,9,5,180,20,0.027777777777777776,0.25
abz_10x10,abz,10x10,9,0,2,180,20,0.011111111111111112,0.1
abz_10x10,abz,10x10,9,1,2,180,20,0.011111111111111112,0.1
abz_10x10,abz,10x10,9,2,1,180,20,0.005555555555555556,0.05
abz_10x10,abz,10x10,9,3,2,180,20,0.011111111111111112,0.1
abz_10x10,abz,10x10,9,4,0,180,20,0.0,0.0
abz_10x10,abz,10x10,9,5,1,180,20,0.005555555555555556,0.05
abz_10x10,abz,10x10,9,6,3,180,20,0.016666666666666666,0.15
abz_10x10,abz,10x10,9,7,2,180,20,0.011111111111111112,0.1
abz_10x10,abz,10x10,9,8,3,180,20,0.016666666666666666,0.15
abz_20x15,abz,20x15,0,1,3,840,60,0.0035714285714285713,0.05
abz_20x15,abz,20x15,0,2,6,840,60,0.007142857142857143,0.1
abz_20x15,abz,20x15,0,3,5,840,60,0.005952380952380952,0.08333333333333333
abz_20x15,abz,20x15,0,4,3,840,60,0.0035714285714285713,0.05
abz_20x15,abz,20x15,0,5,3,840,60,0.0035714285714285713,0.05
abz_20x15,abz,20x15,0,6,3,840,60,0.0035714285714285713,0.05
abz_20x15,abz,20x15,0,7,6,840,60,0.007142857142857143,0.1
abz_20x15,abz,20x15,0,8,3,840,60,0.0035714285714285713,0.05
abz_20x15,abz,20x15,0,9,3,840,60,0.0035714285714285713,0.05
abz_20x15,abz,20x15,0,10,4,840,60,0.004761904761904762,0.06666666666666667
abz_20x15,abz,20x15,0,11,3,840,60,0.0035714285714285713,0.05
abz_20x15,abz,20x15,0,12,1,840,60,0.0011904761904761906,0.016666666666666666
abz_20x15,abz,20x15,0,13,7,840,60,0.008333333333333333,0.11666666666666667
abz_20x15,abz,20x15,0,14,2,840,60,0.002380952380952381,0.03333333333333333
abz_20x15,abz,20x15,1,0,4,840,60,0.004761904761904762,0.06666666666666667
abz_20x15,abz,20x15,1,2,4,840,60,0.004761904761904762,0.06666666666666667
abz_20x15,abz,20x15,1,3,3,840,60,0.0035714285714285713,0.05
abz_20x15,abz,20x15,1,4,5,840,60,0.005952380952380952,0.08333333333333333
abz_20x15,abz,20x15,1,5,5,840,60,0.005952380952380952,0.08333333333333333
abz_20x15,abz,20x15,1,6,3,840,60,0.0035714285714285713,0.05
abz_20x15,abz,20x15,1,7,7,840,60,0.008333333333333333,0.11666666666666667
abz_20x15,abz,20x15,1,8,4,840,60,0.004761904761904762,0.06666666666666667
abz_20x15,abz,20x15,1,9,0,840,60,0.0,0.0
abz_20x15,abz,20x15,1,10,3,840,60,0.0035714285714285713,0.05
abz_20x15,abz,20x15,1,11,6,840,60,0.007142857142857143,0.1
abz_20x15,abz,20x15,1,12,4,840,60,0.004761904761904762,0.06666666666666667
abz_20x15,abz,20x15,1,13,2,840,60,0.002380952380952381,0.03333333333333333
abz_20x15,abz,20x15,1,14,6,840,60,0.007142857142857143,0.1
abz_20x15,abz,20x15,2,0,5,840,60,0.005952380952380952,0.08333333333333333
abz_20x15,abz,20x15,2,1,3,840,60,0.0035714285714285713,0.05
abz_20x15,abz,20x15,2,3,7,840,60,0.008333333333333333,0.11666666666666667
abz_20x15,abz,20x15,2,4,5,840,60,0.005952380952380952,0.08333333333333333
abz_20x15,abz,20x15,2,5,5,840,60,0.005952380952380952,0.08333333333333333
abz_20x15,abz,20x15,2,6,2,840,60,0.002380952380952381,0.03333333333333333
abz_20x15,abz,20x15,2,7,3,840,60,0.0035714285714285713,0.05
abz_20x15,abz,20x15,2,8,2,840,60,0.002380952380952381,0.03333333333333333
abz_20x15,abz,20x15,2,9,2,840,60,0.002380952380952381,0.03333333333333333
abz_20x15,abz,20x15,2,10,5,840,60,0.005952380952380952,0.08333333333333333
abz_20x15,abz,20x15,2,11,3,840,60,0.0035714285714285713,0.05
abz_20x15,abz,20x15,2,12,9,840,60,0.010714285714285714,0.15
abz_20x15,abz,20x15,2,13,4,840,60,0.004761904761904762,0.06666666666666667
abz_20x15,abz,20x15,2,14,1,840,60,0.0011904761904761906,0.016666666666666666
abz_20x15,abz,20x15,3,0,2,840,60,0.002380952380952381,0.03333333333333333
abz_20x15,abz,20x15,3,1,2,840,60,0.002380952380952381,0.03333333333333333
abz_20x15,abz,20x15,3,2,4,840,60,0.004761904761904762,0.06666666666666667
abz_20x15,abz,20x15,3,4,1,840,60,0.0011904761904761906,0.016666666666666666
abz_20x15,abz,20x15,3,5,5,840,60,0.005952380952380952,0.08333333333333333
abz_20x15,abz,20x15,3,6,5,840,60,0.005952380952380952,0.08333333333333333
abz_20x15,abz,20x15,3,7,1,840,60,0.0011904761904761906,0.016666666666666666
abz_20x15,abz,20x15,3,8,3,840,60,0.0035714285714285713,0.05
abz_20x15,abz,20x15,3,9,8,840,60,0.009523809523809525,0.13333333333333333
abz_20x15,abz,20x15,3,10,7,840,60,0.008333333333333333,0.11666666666666667
abz_20x15,abz,20x15,3,11,3,840,60,0.0035714285714285713,0.05
abz_20x15,abz,20x15,3,12,8,840,60,0.009523809523809525,0.13333333333333333
abz_20x15,abz,20x15,3,13,8,840,60,0.009523809523809525,0.13333333333333333
abz_20x15,abz,20x15,3,14,2,840,60,0.002380952380952381,0.03333333333333333
abz_20x15,abz,20x15,4,0,9,840,60,0.010714285714285714,0.15
abz_20x15,abz,20x15,4,1,4,840,60,0.004761904761904762,0.06666666666666667
abz_20x15,abz,20x15,4,2,7,840,60,0.008333333333333333,0.11666666666666667
abz_20x15,abz,20x15,4,3,3,840,60,0.0035714285714285713,0.05
abz_20x15,abz,20x15,4,5,2,840,60,0.002380952380952381,0.03333333333333333
abz_20x15,abz,20x15,4,6,5,840,60,0.005952380952380952,0.08333333333333333
abz_20x15,abz,20x15,4,7,1,840,60,0.0011904761904761906,0.016666666666666666
abz_20x15,abz,20x15,4,8,4,840,60,0.004761904761904762,0.06666666666666667
abz_20x15,abz,20x15,4,9,9,840,60,0.010714285714285714,0.15
abz_20x15,abz,20x15,4,10,3,840,60,0.0035714285714285713,0.05
abz_20x15,abz,20x15,4,11,3,840,60,0.0035714285714285713,0.05
abz_20x15,abz,20x15,4,12,3,840,60,0.0035714285714285713,0.05
abz_20x15,abz,20x15,4,13,2,840,60,0.002380952380952381,0.03333333333333333
abz_20x15,abz,20x15,4,14,2,840,60,0.002380952380952381,0.03333333333333333
abz_20x15,abz,20x15,5,0,2,840,60,0.002380952380952381,0.03333333333333333
abz_20x15,abz,20x15,5,1,3,840,60,0.0035714285714285713,0.05
abz_20x15,abz,20x15,5,2,3,840,60,0.0035714285714285713,0.05
abz_20x15,abz,20x15,5,3,7,840,60,0.008333333333333333,0.11666666666666667
abz_20x15,abz,20x15,5,4,7,840,60,0.008333333333333333,0.11666666666666667
abz_20x15,abz,20x15,5,6,5,840,60,0.005952380952380952,0.08333333333333333
abz_20x15,abz,20x15,5,7,4,840,60,0.004761904761904762,0.06666666666666667
abz_20x15,abz,20x15,5,8,5,840,60,0.005952380952380952,0.08333333333333333
abz_20x15,abz,20x15,5,9,3,840,60,0.0035714285714285713,0.05
abz_20x15,abz,20x15,5,10,4,840,60,0.004761904761904762,0.06666666666666667
abz_20x15,abz,20x15,5,11,5,840,60,0.005952380952380952,0.08333333333333333
abz_20x15,abz,20x15,5,12,4,840,60,0.004761904761904762,0.06666666666666667
abz_20x15,abz,20x15,5,13,3,840,60,0.0035714285714285713,0.05
abz_20x15,abz,20x15,5,14,3,840,60,0.0035714285714285713,0.05
abz_20x15,abz,20x15,6,0,3,840,60,0.0035714285714285713,0.05
abz_20x15,abz,20x15,6,1,3,840,60,0.0035714285714285713,0.05
abz_20x15,abz,20x15,6,2,3,840,60,0.0035714285714285713,0.05
abz_20x15,abz,20x15,6,3,3,840,60,0.0035714285714285713,0.05
abz_20x15,abz,20x15,6,4,4,840,60,0.004761904761904762,0.06666666666666667
abz_20x15,abz,20x15,6,5,7,840,60,0.008333333333333333,0.11666666666666667
abz_20x15,abz,20x15,6,7,5,840,60,0.005952380952380952,0.08333333333333333
abz_20x15,abz,20x15,6,8,8,840,60,0.009523809523809525,0.13333333333333333
abz_20x15,abz,20x15,6,9,4,840,60,0.004761904761904762,0.06666666666666667
abz_20x15,abz,20x15,6,10,2,840,60,0.002380952380952381,0.03333333333333333
abz_20x15,abz,20x15,6,11,2,840,60,0.002380952380952381,0.03333333333333333
abz_20x15,abz,20x15,6,12,8,840,60,0.009523809523809525,0.13333333333333333
abz_20x15,abz,20x15,6,13,0,840,60,0.0,0.0
abz_20x15,abz,20x15,6,14,3,840,60,0.0035714285714285713,0.05
abz_20x15,abz,20x15,7,0,6,840,60,0.007142857142857143,0.1
abz_20x15,abz,20x15,7,1,6,840,60,0.007142857142857143,0.1
abz_20x15,abz,20x15,7,2,2,840,60,0.002380952380952381,0.03333333333333333
abz_20x15,abz,20x15,7,3,2,840,60,0.002380952380952381,0.03333333333333333
abz_20x15,abz,20x15,7,4,6,840,60,0.007142857142857143,0.1
abz_20x15,abz,20x15,7,5,3,840,60,0.0035714285714285713,0.05
abz_20x15,abz,20x15,7,6,2,840,60,0.002380952380952381,0.03333333333333333
abz_20x15,abz,20x15,7,8,4,840,60,0.004761904761904762,0.06666666666666667
abz_20x15,abz,20x15,7,9,5,840,60,0.005952380952380952,0.08333333333333333
abz_20x15,abz,20x15,7,10,5,840,60,0.005952380952380952,0.08333333333333333
abz_20x15,abz,20x15,7,11,5,840,60,0.005952380952380952,0.08333333333333333
abz_20x15,abz,20x15,7,12,3,840,60,0.0035714285714285713,0.05
abz_20x15,abz,20x15,7,13,2,840,60,0.002380952380952381,0.03333333333333333
abz_20x15,abz,20x15,7,14,4,840,60,0.004761904761904762,0.06666666666666667
abz_20x15,abz,20x15,8,0,3,840,60,0.0035714285714285713,0.05
abz_20x15,abz,20x15,8,1,2,840,60,0.002380952380952381,0.03333333333333333
abz_20x15,abz,20x15,8,2,3,840,60,0.0035714285714285713,0.05
abz_20x15,abz,20x15,8,3,6,840,60,0.007142857142857143,0.1
abz_20x15,abz,20x15,8,4,5,840,60,0.005952380952380952,0.08333333333333333
abz_20x15,abz,20x15,8,5,3,840,60,0.0035714285714285713,0.05
abz_20x15,abz,20x15,8,6,6,840,60,0.007142857142857143,0.1
abz_20x15,abz,20x15,8,7,2,840,60,0.002380952380952381,0.03333333333333333
abz_20x15,abz,20x15,8,9,4,840,60,0.004761904761904762,0.06666666666666667
abz_20x15,abz,20x15,8,10,1,840,60,0.0011904761904761906,0.016666666666666666
abz_20x15,abz,20x15,8,11,5,840,60,0.005952380952380952,0.08333333333333333
abz_20x15,abz,20x15,8,12,4,840,60,0.004761904761904762,0.06666666666666667
abz_20x15,abz,20x15,8,13,3,840,60,0.0035714285714285713,0.05
abz_20x15,abz,20x15,8,14,7,840,60,0.008333333333333333,0.11666666666666667
abz_20x15,abz,20x15,9,0,3,840,60,0.0035714285714285713,0.05
abz_20x15,abz,20x15,9,1,3,840,60,0.0035714285714285713,0.05
abz_20x15,abz,20x15,9,2,5,840,60,0.005952380952380952,0.08333333333333333
abz_20x15,abz,20x15,9,3,5,840,60,0.005952380952380952,0.08333333333333333
abz_20x15,abz,20x15,9,4,4,840,60,0.004761904761904762,0.06666666666666667
abz_20x15,abz,20x15,9,5,2,840,60,0.002380952380952381,0.03333333333333333
abz_20x15,abz,20x15,9,6,5,840,60,0.005952380952380952,0.08333333333333333
abz_20x15,abz,20x15,9,7,4,840,60,0.004761904761904762,0.06666666666666667
abz_20x15,abz,20x15,9,8,3,840,60,0.0035714285714285713,0.05
abz_20x15,abz,20x15,9,10,3,840,60,0.0035714285714285713,0.05
abz_20x15,abz,20x15,9,11,1,840,60,0.0011904761904761906,0.016666666666666666
abz_20x15,abz,20x15,9,12,3,840,60,0.0035714285714285713,0.05
abz_20x15,abz,20x15,9,13,6,840,60,0.007142857142857143,0.1
abz_20x15,abz,20x15,9,14,9,840,60,0.010714285714285714,0.15
abz_20x15,abz,20x15,10,0,7,840,60,0.008333333333333333,0.11666666666666667
abz_20x15,abz,20x15,10,1,3,840,60,0.0035714285714285713,0.05
abz_20x15,abz,20x15,10,2,4,840,60,0.004761904761904762,0.06666666666666667
abz_20x15,abz,20x15,10,3,4,840,60,0.004761904761904762,0.06666666666666667
abz_20x15,abz,20x15,10,4,2,840,60,0.002380952380952381,0.03333333333333333
abz_20x15,abz,20x15,10,5,4,840,60,0.004761904761904762,0.06666666666666667
abz_20x15,abz,20x15,10,6,3,840,60,0.0035714285714285713,0.05
abz_20x15,abz,20x15,10,7,8,840,60,0.009523809523809525,0.13333333333333333
abz_20x15,abz,20x15,10,8,3,840,60,0.0035714285714285713,0.05
abz_20x15,abz,20x15,10,9,2,840,60,0.002380952380952381,0.03333333333333333
abz_20x15,abz,20x15,10,11,4,840,60,0.004761904761904762,0.06666666666666667
abz_20x15,abz,20x15,10,12,3,840,60,0.0035714285714285713,0.05
abz_20x15,abz,20x15,10,13,1,840,60,0.0011904761904761906,0.016666666666666666
abz_20x15,abz,20x15,10,14,6,840,60,0.007142857142857143,0.1
abz_20x15,abz,20x15,11,0,1,840,60,0.0011904761904761906,0.016666666666666666
abz_20x15,abz,20x15,11,1,5,840,60,0.005952380952380952,0.08333333333333333
abz_20x15,abz,20x15,11,2,6,840,60,0.007142857142857143,0.1
abz_20x15,abz,20x15,11,3,3,840,60,0.0035714285714285713,0.05
abz_20x15,abz,20x15,11,4,3,840,60,0.0035714285714285713,0.05
abz_20x15,abz,20x15,11,5,4,840,60,0.004761904761904762,0.06666666666666667
abz_20x15,abz,20x15,11,6,5,840,60,0.005952380952380952,0.08333333333333333
abz_20x15,abz,20x15,11,7,4,840,60,0.004761904761904762,0.06666666666666667
abz_20x15,abz,20x15,11,8,4,840,60,0.004761904761904762,0.06666666666666667
abz_20x15,abz,20x15,11,9,2,840,60,0.002380952380952381,0.03333333333333333
abz_20x15,abz,20x15,11,10,3,840,60,0.0035714285714285713,0.05
abz_20x15,abz,20x15,11,12,2,840,60,0.002380952380952381,0.03333333333333333
abz_20x15,abz,20x15,11,13,10,840,60,0.011904761904761904,0.16666666666666666
abz_20x15,abz,20x15,11,14,6,840,60,0.007142857142857143,0.1
abz_20x15,abz,20x15,12,0,3,840,60,0.0035714285714285713,0.05
abz_20x15,abz,20x15,12,1,8,840,60,0.009523809523809525,0.13333333333333333
abz_20x15,abz,20x15,12,2,1,840,60,0.0011904761904761906,0.016666666666666666
abz_20x15,abz,20x15,12,3,1,840,60,0.0011904761904761906,0.016666666666666666
abz_20x15,abz,20x15,12,4,9,840,60,0.010714285714285714,0.15
abz_20x15,abz,20x15,12,5,5,840,60,0.005952380952380952,0.08333333333333333
abz_20x15,abz,20x15,12,6,3,840,60,0.0035714285714285713,0.05
abz_20x15,abz,20x15,12,7,3,840,60,0.0035714285714285713,0.05
abz_20x15,abz,20x15,12,8,2,840,60,0.002380952380952381,0.03333333333333333
abz_20x15,abz,20x15,12,9,3,840,60,0.0035714285714285713,0.05
abz_20x15,abz,20x15,12,10,8,840,60,0.009523809523809525,0.13333333333333333
abz_20x15,abz,20x15,12,11,6,840,60,0.007142857142857143,0.1
abz_20x15,abz,20x15,12,13,1,840,60,0.0011904761904761906,0.016666666666666666
abz_20x15,abz,20x15,12,14,2,840,60,0.002380952380952381,0.03333333333333333
abz_20x15,abz,20x15,13,0,7,840,60,0.008333333333333333,0.11666666666666667
abz_20x15,abz,20x15,13,1,6,840,60,0.007142857142857143,0.1
abz_20x15,abz,20x15,13,2,4,840,60,0.004761904761904762,0.06666666666666667
abz_20x15,abz,20x15,13,3,2,840,60,0.002380952380952381,0.03333333333333333
abz_20x15,abz,20x15,13,4,3,840,60,0.0035714285714285713,0.05
abz_20x15,abz,20x15,13,5,1,840,60,0.0011904761904761906,0.016666666666666666
abz_20x15,abz,20x15,13,6,2,840,60,0.002380952380952381,0.03333333333333333
abz_20x15,abz,20x15,13,7,6,840,60,0.007142857142857143,0.1
abz_20x15,abz,20x15,13,8,5,840,60,0.005952380952380952,0.08333333333333333
abz_20x15,abz,20x15,13,9,4,840,60,0.004761904761904762,0.06666666666666667
abz_20x15,abz,20x15,13,10,8,840,60,0.009523809523809525,0.13333333333333333
abz_20x15,abz,20x15,13,11,5,840,60,0.005952380952380952,0.08333333333333333
abz_20x15,abz,20x15,13,12,2,840,60,0.002380952380952381,0.03333333333333333
abz_20x15,abz,20x15,13,14,2,840,60,0.002380952380952381,0.03333333333333333
abz_20x15,abz,20x15,14,0,2,840,60,0.002380952380952381,0.03333333333333333
abz_20x15,abz,20x15,14,1,5,840,60,0.005952380952380952,0.08333333333333333
abz_20x15,abz,20x15,14,2,3,840,60,0.0035714285714285713,0.05
abz_20x15,abz,20x15,14,3,7,840,60,0.008333333333333333,0.11666666666666667
abz_20x15,abz,20x15,14,4,2,840,60,0.002380952380952381,0.03333333333333333
abz_20x15,abz,20x15,14,5,6,840,60,0.007142857142857143,0.1
abz_20x15,abz,20x15,14,6,5,840,60,0.005952380952380952,0.08333333333333333
abz_20x15,abz,20x15,14,7,4,840,60,0.004761904761904762,0.06666666666666667
abz_20x15,abz,20x15,14,8,3,840,60,0.0035714285714285713,0.05
abz_20x15,abz,20x15,14,9,6,840,60,0.007142857142857143,0.1
abz_20x15,abz,20x15,14,10,2,840,60,0.002380952380952381,0.03333333333333333
abz_20x15,abz,20x15,14,11,4,840,60,0.004761904761904762,0.06666666666666667
abz_20x15,abz,20x15,14,12,2,840,60,0.002380952380952381,0.03333333333333333
abz_20x15,abz,20x15,14,13,7,840,60,0.008333333333333333,0.11666666666666667
ft_10x10,ft,10x10,0,1,4,90,10,0.044444444444444446,0.4
ft_10x10,ft,10x10,0,2,2,90,10,0.022222222222222223,0.2
ft_10x10,ft,10x10,0,3,2,90,10,0.022222222222222223,0.2
ft_10x10,ft,10x10,0,4,1,90,10,0.011111111111111112,0.1
ft_10x10,ft,10x10,0,5,0,90,10,0.0,0.0
ft_10x10,ft,10x10,0,6,1,90,10,0.011111111111111112,0.1
ft_10x10,ft,10x10,0,7,0,90,10,0.0,0.0
ft_10x10,ft,10x10,0,8,0,90,10,0.0,0.0
ft_10x10,ft,10x10,0,9,0,90,10,0.0,0.0
ft_10x10,ft,10x10,1,0,3,90,10,0.03333333333333333,0.3
ft_10x10,ft,10x10,1,2,2,90,10,0.022222222222222223,0.2
ft_10x10,ft,10x10,1,3,1,90,10,0.011111111111111112,0.1
ft_10x10,ft,10x10,1,4,0,90,10,0.0,0.0
ft_10x10,ft,10x10,1,5,3,90,10,0.03333333333333333,0.3
ft_10x10,ft,10x10,1,6,1,90,10,0.011111111111111112,0.1
ft_10x10,ft,10x10,1,7,0,90,10,0.0,0.0
ft_10x10,ft,10x10,1,8,0,90,10,0.0,0.0
ft_10x10,ft,10x10,1,9,0,90,10,0.0,0.0
ft_10x10,ft,10x10,2,0,3,90,10,0.03333333333333333,0.3
ft_10x10,ft,10x10,2,1,1,90,10,0.011111111111111112,0.1
ft_10x10,ft,10x10,2,3,1,90,10,0.011111111111111112,0.1
ft_10x10,ft,10x10,2,4,1,90,10,0.011111111111111112,0.1
ft_10x10,ft,10x10,2,5,0,90,10,0.0,0.0
ft_10x10,ft,10x10,2,6,2,90,10,0.022222222222222223,0.2
ft_10x10,ft,10x10,2,7,0,90,10,0.0,0.0
ft_10x10,ft,10x10,2,8,1,90,10,0.011111111111111112,0.1
ft_10x10,ft,10x10,2,9,1,90,10,0.011111111111111112,0.1
ft_10x10,ft,10x10,3,0,0,90,10,0.0,0.0
ft_10x10,ft,10x10,3,1,1,90,10,0.011111111111111112,0.1
ft_10x10,ft,10x10,3,2,2,90,10,0.022222222222222223,0.2
ft_10x10,ft,10x10,3,4,3,90,10,0.03333333333333333,0.3
ft_10x10,ft,10x10,3,5,1,90,10,0.011111111111111112,0.1
ft_10x10,ft,10x10,3,6,0,90,10,0.0,0.0
ft_10x10,ft,10x10,3,7,0,90,10,0.0,0.0
ft_10x10,ft,10x10,3,8,1,90,10,0.011111111111111112,0.1
ft_10x10,ft,10x10,3,9,1,90,10,0.011111111111111112,0.1
ft_10x10,ft,10x10,4,0,0,90,10,0.0,0.0
ft_10x10,ft,10x10,4,1,0,90,10,0.0,0.0
ft_10x10,ft,10x10,4,2,0,90,10,0.0,0.0
ft_10x10,ft,10x10,4,3,0,90,10,0.0,0.0
ft_10x10,ft,10x10,4,5,1,90,10,0.011111111111111112,0.1
ft_10x10,ft,10x10,4,6,2,90,10,0.022222222222222223,0.2
ft_10x10,ft,10x10,4,7,2,90,10,0.022222222222222223,0.2
ft_10x10,ft,10x10,4,8,2,90,10,0.022222222222222223,0.2
ft_10x10,ft,10x10,4,9,1,90,10,0.011111111111111112,0.1
ft_10x10,ft,10x10,5,0,0,90,10,0.0,0.0
ft_10x10,ft,10x10,5,1,0,90,10,0.0,0.0
ft_10x10,ft,10x10,5,2,1,90,10,0.011111111111111112,0.1
ft_10x10,ft,10x10,5,3,3,90,10,0.03333333333333333,0.3
ft_10x10,ft,10x10,5,4,1,90,10,0.011111111111111112,0.1
ft_10x10,ft,10x10,5,6,1,90,10,0.011111111111111112,0.1
ft_10x10,ft,10x10,5,7,2,90,10,0.022222222222222223,0.2
ft_10x10,ft,10x10,5,8,0,90,10,0.0,0.0
ft_10x10,ft,10x10,5,9,1,90,10,0.011111111111111112,0.1
ft_10x10,ft,10x10,6,0,0,90,10,0.0,0.0
ft_10x10,ft,10x10,6,1,0,90,10,0.0,0.0
ft_10x10,ft,10x10,6,2,0,90,10,0.0,0.0
ft_10x10,ft,10x10,6,3,0,90,10,0.0,0.0
ft_10x10,ft,10x10,6,4,1,90,10,0.011111111111111112,0.1
ft_10x10,ft,10x10,6,5,2,90,10,0.022222222222222223,0.2
ft_10x10,ft,10x10,6,7,2,90,10,0.022222222222222223,0.2
ft_10x10,ft,10x10,6,8,3,90,10,0.03333333333333333,0.3
ft_10x10,ft,10x10,6,9,1,90,10,0.011111111111111112,0.1
ft_10x10,ft,10x10,7,0,0,90,10,0.0,0.0
ft_10x10,ft,10x10,7,1,0,90,10,0.0,0.0
ft_10x10,ft,10x10,7,2,0,90,10,0.0,0.0
ft_10x10,ft,10x10,7,3,2,90,10,0.022222222222222223,0.2
ft_10x10,ft,10x10,7,4,2,90,10,0.022222222222222223,0.2
ft_10x10,ft,10x10,7,5,0,90,10,0.0,0.0
ft_10x10,ft,10x10,7,6,1,90,10,0.011111111111111112,0.1
ft_10x10,ft,10x10,7,8,2,90,10,0.022222222222222223,0.2
ft_10x10,ft,10x10,7,9,1,90,10,0.011111111111111112,0.1
ft_10x10,ft,10x10,8,0,0,90,10,0.0,0.0
ft_10x10,ft,10x10,8,1,0,90,10,0.0,0.0
ft_10x10,ft,10x10,8,2,0,90,10,0.0,0.0
ft_10x10,ft,10x10,8,3,0,90,10,0.0,0.0
ft_10x10,ft,10x10,8,4,0,90,10,0.0,0.0
ft_10x10,ft,10x10,8,5,1,90,10,0.011111111111111112,0.1
ft_10x10,ft,10x10,8,6,0,90,10,0.0,0.0
ft_10x10,ft,10x10,8,7,3,90,10,0.03333333333333333,0.3
ft_10x10,ft,10x10,8,9,4,90,10,0.044444444444444446,0.4
ft_10x10,ft,10x10,9,0,1,90,10,0.011111111111111112,0.1
ft_10x10,ft,10x10,9,1,0,90,10,0.0,0.0
ft_10x10,ft,10x10,9,2,0,90,10,0.0,0.0
ft_10x10,ft,10x10,9,3,1,90,10,0.011111111111111112,0.1
ft_10x10,ft,10x10,9,4,1,90,10,0.011111111111111112,0.1
ft_10x10,ft,10x10,9,5,2,90,10,0.022222222222222223,0.2
ft_10x10,ft,10x10,9,6,2,90,10,0.022222222222222223,0.2
ft_10x10,ft,10x10,9,7,1,90,10,0.011111111111111112,0.1
ft_10x10,ft,10x10,9,8,1,90,10,0.011111111111111112,0.1
ft_20x5,ft,20x5,0,1,7,80,20,0.0875,0.35
ft_20x5,ft,20x5,0,2,4,80,20,0.05,0.2
ft_20x5,ft,20x5,0,3,7,80,20,0.0875,0.35
ft_20x5,ft,20x5,0,4,2,80,20,0.025,0.1
ft_20x5,ft,20x5,1,0,6,80,20,0.075,0.3
ft_20x5,ft,20x5,1,2,4,80,20,0.05,0.2
ft_20x5,ft,20x5,1,3,6,80,20,0.075,0.3
ft_20x5,ft,20x5,1,4,4,80,20,0.05,0.2
ft_20x5,ft,20x5,2,0,4,80,20,0.05,0.2
ft_20x5,ft,20x5,2,1,6,80,20,0.075,0.3
ft_20x5,ft,20x5,2,3,6,80,20,0.075,0.3
ft_20x5,ft,20x5,2,4,2,80,20,0.025,0.1
ft_20x5,ft,20x5,3,0,1,80,20,0.0125,0.05
ft_20x5,ft,20x5,3,1,0,80,20,0.0,0.0
ft_20x5,ft,20x5,3,2,2,80,20,0.025,0.1
ft_20x5,ft,20x5,3,4,12,80,20,0.15,0.6
ft_20x5,ft,20x5,4,0,1,80,20,0.0125,0.05
ft_20x5,ft,20x5,4,1,0,80,20,0.0,0.0
ft_20x5,ft,20x5,4,2,5,80,20,0.0625,0.25
ft_20x5,ft,20x5,4,3,1,80,20,0.0125,0.05
ft_6x6,ft,6x6,0,1,2,30,6,0.06666666666666667,0.3333333333333333
ft_6x6,ft,6x6,0,2,1,30,6,0.03333333333333333,0.16666666666666666
ft_6x6,ft,6x6,0,3,2,30,6,0.06666666666666667,0.3333333333333333
ft_6x6,ft,6x6,0,4,1,30,6,0.03333333333333333,0.16666666666666666
ft_6x6,ft,6x6,0,5,0,30,6,0.0,0.0
ft_6x6,ft,6x6,1,0,1,30,6,0.03333333333333333,0.16666666666666666
ft_6x6,ft,6x6,1,2,1,30,6,0.03333333333333333,0.16666666666666666
ft_6x6,ft,6x6,1,3,2,30,6,0.06666666666666667,0.3333333333333333
ft_6x6,ft,6x6,1,4,2,30,6,0.06666666666666667,0.3333333333333333
ft_6x6,ft,6x6,1,5,0,30,6,0.0,0.0
ft_6x6,ft,6x6,2,0,1,30,6,0.03333333333333333,0.16666666666666666
ft_6x6,ft,6x6,2,1,1,30,6,0.03333333333333333,0.16666666666666666
ft_6x6,ft,6x6,2,3,2,30,6,0.06666666666666667,0.3333333333333333
ft_6x6,ft,6x6,2,4,1,30,6,0.03333333333333333,0.16666666666666666
ft_6x6,ft,6x6,2,5,0,30,6,0.0,0.0
ft_6x6,ft,6x6,3,0,0,30,6,0.0,0.0
ft_6x6,ft,6x6,3,1,0,30,6,0.0,0.0
ft_6x6,ft,6x6,3,2,0,30,6,0.0,0.0
ft_6x6,ft,6x6,3,4,1,30,6,0.03333333333333333,0.16666666666666666
ft_6x6,ft,6x6,3,5,3,30,6,0.1,0.5
ft_6x6,ft,6x6,4,0,0,30,6,0.0,0.0
ft_6x6,ft,6x6,4,1,0,30,6,0.0,0.0
ft_6x6,ft,6x6,4,2,1,30,6,0.03333333333333333,0.16666666666666666
ft_6x6,ft,6x6,4,3,0,30,6,0.0,0.0
ft_6x6,ft,6x6,4,5,3,30,6,0.1,0.5
ft_6x6,ft,6x6,5,0,4,30,6,0.13333333333333333,0.6666666666666666
ft_6x6,ft,6x6,5,1,0,30,6,0.0,0.0
ft_6x6,ft,6x6,5,2,0,30,6,0.0,0.0
ft_6x6,ft,6x6,5,3,0,30,6,0.0,0.0
ft_6x6,ft,6x6,5,4,1,30,6,0.03333333333333333,0.16666666666666666
la_10x10,la,10x10,0,1,1,450,50,0.0022222222222222222,0.02
la_10x10,la,10x10,0,2,10,450,50,0.022222222222222223,0.2
la_10x10,la,10x10,0,3,4,450,50,0.008888888888888889,0.08
la_10x10,la,10x10,0,4,4,450,50,0.008888888888888889,0.08
la_10x10,la,10x10,0,5,6,450,50,0.013333333333333334,0.12
la_10x10,la,10x10,0,6,2,450,50,0.0044444444444444444,0.04
la_10x10,la,10x10,0,7,8,450,50,0.017777777777777778,0.16
la_10x10,la,10x10,0,8,5,450,50,0.011111111111111112,0.1
la_10x10,la,10x10,0,9,2,450,50,0.0044444444444444444,0.04
la_10x10,la,10x10,1,0,7,450,50,0.015555555555555555,0.14
la_10x10,la,10x10,1,2,2,450,50,0.0044444444444444444,0.04
la_10x10,la,10x10,1,3,3,450,50,0.006666666666666667,0.06
la_10x10,la,10x10,1,4,6,450,50,0.013333333333333334,0.12
la_10x10,la,10x10,1,5,6,450,50,0.013333333333333334,0.12
la_10x10,la,10x10,1,6,6,450,50,0.013333333333333334,0.12
la_10x10,la,10x10,1,7,5,450,50,0.011111111111111112,0.1
la_10x10,la,10x10,1,8,6,450,50,0.013333333333333334,0.12
la_10x10,la,10x10,1,9,4,450,50,0.008888888888888889,0.08
la_10x10,la,10x10,2,0,4,450,50,0.008888888888888889,0.08
la_10x10,la,10x10,2,1,2,450,50,0.0044444444444444444,0.04
la_10x10,la,10x10,2,3,10,450,50,0.022222222222222223,0.2
la_10x10,la,10x10,2,4,5,450,50,0.011111111111111112,0.1
la_10x10,la,10x10,2,5,7,450,50,0.015555555555555555,0.14
la_10x10,la,10x10,2,6,4,450,50,0.008888888888888889,0.08
la_10x10,la,10x10,2,7,5,450,50,0.011111111111111112,0.1
la_10x10,la,10x10,2,8,5,450,50,0.011111111111111112,0.1
la_10x10,la,10x10,2,9,5,450,50,0.011111111111111112,0.1
la_10x10,la,10x10,3,0,4,450,50,0.008888888888888889,0.08
la_10x10,la,10x10,3,1,8,450,50,0.017777777777777778,0.16
la_10x10,la,10x10,3,2,6,450,50,0.013333333333333334,0.12
la_10x10,la,10x10,3,4,4,450,50,0.008888888888888889,0.08
la_10x10,la,10x10,3,5,6,450,50,0.013333333333333334,0.12
la_10x10,la,10x10,3,6,6,450,50,0.013333333333333334,0.12
la_10x10,la,10x10,3,7,5,450,50,0.011111111111111112,0.1
la_10x10,la,10x10,3,8,4,450,50,0.008888888888888889,0.08
la_10x10,la,10x10,3,9,5,450,50,0.011111111111111112,0.1
la_10x10,la,10x10,4,0,3,450,50,0.006666666666666667,0.06
la_10x10,la,10x10,4,1,3,450,50,0.006666666666666667,0.06
la_10x10,la,10x10,4,2,4,450,50,0.008888888888888889,0.08
la_10x10,la,10x10,4,3,9,450,50,0.02,0.18
la_10x10,la,10x10,4,5,3,450,50,0.006666666666666667,0.06
la_10x10,la,10x10,4,6,8,450,50,0.017777777777777778,0.16
la_10x10,la,10x10,4,7,8,450,50,0.017777777777777778,0.16
la_10x10,la,10x10,4,8,4,450,50,0.008888888888888889,0.08
la_10x10,la,10x10,4,9,4,450,50,0.008888888888888889,0.08
la_10x10,la,10x10,5,0,4,450,50,0.008888888888888889,0.08
la_10x10,la,10x10,5,1,3,450,50,0.006666666666666667,0.06
la_10x10,la,10x10,5,2,5,450,50,0.011111111111111112,0.1
la_10x10,la,10x10,5,3,8,450,50,0.017777777777777778,0.16
la_10x10,la,10x10,5,4,5,450,50,0.011111111111111112,0.1
la_10x10,la,10x10,5,6,5,450,50,0.011111111111111112,0.1
la_10x10,la,10x10,5,7,1,450,50,0.0022222222222222222,0.02
la_10x10,la,10x10,5,8,4,450,50,0.008888888888888889,0.08
la_10x10,la,10x10,5,9,5,450,50,0.011111111111111112,0.1
la_10x10,la,10x10,6,0,6,450,50,0.013333333333333334,0.12
la_10x10,la,10x10,6,1,7,450,50,0.015555555555555555,0.14
la_10x10,la,10x10,6,2,2,450,50,0.0044444444444444444,0.04
la_10x10,la,10x10,6,3,4,450,50,0.008888888888888889,0.08
la_10x10,la,10x10,6,4,6,450,50,0.013333333333333334,0.12
la_10x10,la,10x10,6,5,4,450,50,0.008888888888888889,0.08
la_10x10,la,10x10,6,7,8,450,50,0.017777777777777778,0.16
la_10x10,la,10x10,6,8,0,450,50,0.0,0.0
la_10x10,la,10x10,6,9,9,450,50,0.02,0.18
la_10x10,la,10x10,7,0,4,450,50,0.008888888888888889,0.08
la_10x10,la,10x10,7,1,7,450,50,0.015555555555555555,0.14
la_10x10,la,10x10,7,2,5,450,50,0.011111111111111112,0.1
la_10x10,la,10x10,7,3,1,450,50,0.0022222222222222222,0.02
la_10x10,la,10x10,7,4,2,450,50,0.0044444444444444444,0.04
la_10x10,la,10x10,7,5,5,450,50,0.011111111111111112,0.1
la_10x10,la,10x10,7,6,4,450,50,0.008888888888888889,0.08
la_10x10,la,10x10,7,8,12,450,50,0.02666666666666667,0.24
la_10x10,la,10x10,7,9,4,450,50,0.008888888888888889,0.08
la_10x10,la,10x10,8,0,6,450,50,0.013333333333333334,0.12
la_10x10,la,10x10,8,1,5,450,50,0.011111111111111112,0.1
la_10x10,la,10x10,8,2,5,450,50,0.011111111111111112,0.1
la_10x10,la,10x10,8,3,3,450,50,0.006666666666666667,0.06
la_10x10,la,10x10,8,4,5,450,50,0.011111111111111112,0.1
la_10x10,la,10x10,8,5,7,450,50,0.015555555555555555,0.14
la_10x10,la,10x10,8,6,6,450,50,0.013333333333333334,0.12
la_10x10,la,10x10,8,7,2,450,50,0.0044444444444444444,0.04
la_10x10,la,10x10,8,9,8,450,50,0.017777777777777778,0.16
la_10x10,la,10x10,9,0,8,450,50,0.017777777777777778,0.16
la_10x10,la,10x10,9,1,3,450,50,0.006666666666666667,0.06
la_10x10,la,10x10,9,2,4,450,50,0.008888888888888889,0.08
la_10x10,la,10x10,9,3,2,450,50,0.0044444444444444444,0.04
la_10x10,la,10x10,9,4,5,450,50,0.011111111111111112,0.1
la_10x10,la,10x10,9,5,4,450,50,0.008888888888888889,0.08
la_10x10,la,10x10,9,6,5,450,50,0.011111111111111112,0.1
la_10x10,la,10x10,9,7,6,450,50,0.013333333333333334,0.12
la_10x10,la,10x10,9,8,8,450,50,0.017777777777777778,0.16
la_10x5,la,10x5,0,1,6,200,50,0.03,0.12
la_10x5,la,10x5,0,2,10,200,50,0.05,0.2
la_10x5,la,10x5,0,3,13,200,50,0.065,0.26
la_10x5,la,10x5,0,4,13,200,50,0.065,0.26
la_10x5,la,10x5,1,0,15,200,50,0.075,0.3
la_10x5,la,10x5,1,2,8,200,50,0.04,0.16
la_10x5,la,10x5,1,3,12,200,50,0.06,0.24
la_10x5,la,10x5,1,4,5,200,50,0.025,0.1
la_10x5,la,10x5,2,0,9,200,50,0.045,0.18
la_10x5,la,10x5,2,1,12,200,50,0.06,0.24
la_10x5,la,10x5,2,3,12,200,50,0.06,0.24
la_10x5,la,10x5,2,4,5,200,50,0.025,0.1
la_10x5,la,10x5,3,0,6,200,50,0.03,0.12
la_10x5,la,10x5,3,1,8,200,50,0.04,0.16
la_10x5,la,10x5,3,2,10,200,50,0.05,0.2
la_10x5,la,10x5,3,4,12,200,50,0.06,0.24
la_10x5,la,10x5,4,0,14,200,50,0.07,0.28
la_10x5,la,10x5,4,1,11,200,50,0.055,0.22
la_10x5,la,10x5,4,2,12,200,50,0.06,0.24
la_10x5,la,10x5,4,3,7,200,50,0.035,0.14
la_15x10,la,15x10,0,1,6,675,75,0.008888888888888889,0.08
la_15x10,la,15x10,0,2,10,675,75,0.014814814814814815,0.13333333333333333
la_15x10,la,15x10,0,3,8,675,75,0.011851851851851851,0.10666666666666667
la_15x10,la,15x10,0,4,4,675,75,0.005925925925925926,0.05333333333333334
la_15x10,la,15x10,0,5,10,675,75,0.014814814814814815,0.13333333333333333
la_15x10,la,15x10,0,6,5,675,75,0.007407407407407408,0.06666666666666667
la_15x10,la,15x10,0,7,9,675,75,0.013333333333333334,0.12
la_15x10,la,15x10,0,8,7,675,75,0.01037037037037037,0.09333333333333334
la_15x10,la,15x10,0,9,5,675,75,0.007407407407407408,0.06666666666666667
la_15x10,la,15x10,1,0,9,675,75,0.013333333333333334,0.12
la_15x10,la,15x10,1,2,2,675,75,0.002962962962962963,0.02666666666666667
la_15x10,la,15x10,1,3,6,675,75,0.008888888888888889,0.08
la_15x10,la,15x10,1,4,9,675,75,0.013333333333333334,0.12
la_15x10,la,15x10,1,5,6,675,75,0.008888888888888889,0.08
la_15x10,la,15x10,1,6,5,675,75,0.007407407407407408,0.06666666666666667
la_15x10,la,15x10,1,7,9,675,75,0.013333333333333334,0.12
la_15x10,la,15x10,1,8,11,675,75,0.016296296296296295,0.14666666666666667
la_15x10,la,15x10,1,9,8,675,75,0.011851851851851851,0.10666666666666667
la_15x10,la,15x10,2,0,3,675,75,0.0044444444444444444,0.04
la_15x10,la,15x10,2,1,8,675,75,0.011851851851851851,0.10666666666666667
la_15x10,la,15x10,2,3,7,675,75,0.01037037037037037,0.09333333333333334
la_15x10,la,15x10,2,4,8,675,75,0.011851851851851851,0.10666666666666667
la_15x10,la,15x10,2,5,9,675,75,0.013333333333333334,0.12
la_15x10,la,15x10,2,6,8,675,75,0.011851851851851851,0.10666666666666667
la_15x10,la,15x10,2,7,9,675,75,0.013333333333333334,0.12
la_15x10,la,15x10,2,8,8,675,75,0.011851851851851851,0.10666666666666667
la_15x10,la,15x10,2,9,9,675,75,0.013333333333333334,0.12
la_15x10,la,15x10,3,0,7,675,75,0.01037037037037037,0.09333333333333334
la_15x10,la,15x10,3,1,8,675,75,0.011851851851851851,0.10666666666666667
la_15x10,la,15x10,3,2,14,675,75,0.02074074074074074,0.18666666666666668
la_15x10,la,15x10,3,4,4,675,75,0.005925925925925926,0.05333333333333334
la_15x10,la,15x10,3,5,7,675,75,0.01037037037037037,0.09333333333333334
la_15x10,la,15x10,3,6,7,675,75,0.01037037037037037,0.09333333333333334
la_15x10,la,15x10,3,7,7,675,75,0.01037037037037037,0.09333333333333334
la_15x10,la,15x10,3,8,4,675,75,0.005925925925925926,0.05333333333333334
la_15x10,la,15x10,3,9,10,675,75,0.014814814814814815,0.13333333333333333
la_15x10,la,15x10,4,0,9,675,75,0.013333333333333334,0.12
la_15x10,la,15x10,4,1,2,675,75,0.002962962962962963,0.02666666666666667
la_15x10,la,15x10,4,2,6,675,75,0.008888888888888889,0.08
la_15x10,la,15x10,4,3,8,675,75,0.011851851851851851,0.10666666666666667
la_15x10,la,15x10,4,5,8,675,75,0.011851851851851851,0.10666666666666667
la_15x10,la,15x10,4,6,15,675,75,0.022222222222222223,0.2
la_15x10,la,15x10,4,7,11,675,75,0.016296296296296295,0.14666666666666667
la_15x10,la,15x10,4,8,3,675,75,0.0044444444444444444,0.04
la_15x10,la,15x10,4,9,4,675,75,0.005925925925925926,0.05333333333333334
la_15x10,la,15x10,5,0,6,675,75,0.008888888888888889,0.08
la_15x10,la,15x10,5,1,6,675,75,0.008888888888888889,0.08
la_15x10,la,15x10,5,2,8,675,75,0.011851851851851851,0.10666666666666667
la_15x10,la,15x10,5,3,14,675,75,0.02074074074074074,0.18666666666666668
la_15x10,la,15x10,5,4,11,675,75,0.016296296296296295,0.14666666666666667
la_15x10,la,15x10,5,6,5,675,75,0.007407407407407408,0.06666666666666667
la_15x10,la,15x10,5,7,3,675,75,0.0044444444444444444,0.04
la_15x10,la,15x10,5,8,5,675,75,0.007407407407407408,0.06666666666666667
la_15x10,la,15x10,5,9,12,675,75,0.017777777777777778,0.16
la_15x10,la,15x10,6,0,7,675,75,0.01037037037037037,0.09333333333333334
la_15x10,la,15x10,6,1,7,675,75,0.01037037037037037,0.09333333333333334
la_15x10,la,15x10,6,2,6,675,75,0.008888888888888889,0.08
la_15x10,la,15x10,6,3,9,675,75,0.013333333333333334,0.12
la_15x10,la,15x10,6,4,10,675,75,0.014814814814814815,0.13333333333333333
la_15x10,la,15x10,6,5,10,675,75,0.014814814814814815,0.13333333333333333
la_15x10,la,15x10,6,7,7,675,75,0.01037037037037037,0.09333333333333334
la_15x10,la,15x10,6,8,3,675,75,0.0044444444444444444,0.04
la_15x10,la,15x10,6,9,9,675,75,0.013333333333333334,0.12
la_15x10,la,15x10,7,0,9,675,75,0.013333333333333334,0.12
la_15x10,la,15x10,7,1,7,675,75,0.01037037037037037,0.09333333333333334
la_15x10,la,15x10,7,2,5,675,75,0.007407407407407408,0.06666666666666667
la_15x10,la,15x10,7,3,6,675,75,0.008888888888888889,0.08
la_15x10,la,15x10,7,4,5,675,75,0.007407407407407408,0.06666666666666667
la_15x10,la,15x10,7,5,4,675,75,0.005925925925925926,0.05333333333333334
la_15x10,la,15x10,7,6,9,675,75,0.013333333333333334,0.12
la_15x10,la,15x10,7,8,14,675,75,0.02074074074074074,0.18666666666666668
la_15x10,la,15x10,7,9,6,675,75,0.008888888888888889,0.08
la_15x10,la,15x10,8,0,8,675,75,0.011851851851851851,0.10666666666666667
la_15x10,la,15x10,8,1,7,675,75,0.01037037037037037,0.09333333333333334
la_15x10,la,15x10,8,2,8,675,75,0.011851851851851851,0.10666666666666667
la_15x10,la,15x10,8,3,4,675,75,0.005925925925925926,0.05333333333333334
la_15x10,la,15x10,8,4,8,675,75,0.011851851851851851,0.10666666666666667
la_15x10,la,15x10,8,5,9,675,75,0.013333333333333334,0.12
la_15x10,la,15x10,8,6,11,675,75,0.016296296296296295,0.14666666666666667
la_15x10,la,15x10,8,7,8,675,75,0.011851851851851851,0.10666666666666667
la_15x10,la,15x10,8,9,6,675,75,0.008888888888888889,0.08
la_15x10,la,15x10,9,0,13,675,75,0.01925925925925926,0.17333333333333334
la_15x10,la,15x10,9,1,13,675,75,0.01925925925925926,0.17333333333333334
la_15x10,la,15x10,9,2,7,675,75,0.01037037037037037,0.09333333333333334
la_15x10,la,15x10,9,3,6,675,75,0.008888888888888889,0.08
la_15x10,la,15x10,9,4,6,675,75,0.008888888888888889,0.08
la_15x10,la,15x10,9,5,6,675,75,0.008888888888888889,0.08
la_15x10,la,15x10,9,6,3,675,75,0.0044444444444444444,0.04
la_15x10,la,15x10,9,7,6,675,75,0.008888888888888889,0.08
la_15x10,la,15x10,9,8,11,675,75,0.016296296296296295,0.14666666666666667
la_15x15,la,15x15,0,1,6,1050,75,0.005714285714285714,0.08
la_15x15,la,15x15,0,2,4,1050,75,0.0038095238095238095,0.05333333333333334
la_15x15,la,15x15,0,3,5,1050,75,0.004761904761904762,0.06666666666666667
la_15x15,la,15x15,0,4,4,1050,75,0.0038095238095238095,0.05333333333333334
la_15x15,la,15x15,0,5,2,1050,75,0.0019047619047619048,0.02666666666666667
la_15x15,la,15x15,0,6,5,1050,75,0.004761904761904762,0.06666666666666667
la_15x15,la,15x15,0,7,5,1050,75,0.004761904761904762,0.06666666666666667
la_15x15,la,15x15,0,8,6,1050,75,0.005714285714285714,0.08
la_15x15,la,15x15,0,9,10,1050,75,0.009523809523809525,0.13333333333333333
la_15x15,la,15x15,0,10,3,1050,75,0.002857142857142857,0.04
la_15x15,la,15x15,0,11,4,1050,75,0.0038095238095238095,0.05333333333333334
la_15x15,la,15x15,0,12,2,1050,75,0.0019047619047619048,0.02666666666666667
la_15x15,la,15x15,0,13,4,1050,75,0.0038095238095238095,0.05333333333333334
la_15x15,la,15x15,0,14,3,1050,75,0.002857142857142857,0.04
la_15x15,la,15x15,1,0,2,1050,75,0.0019047619047619048,0.02666666666666667
la_15x15,la,15x15,1,2,7,1050,75,0.006666666666666667,0.09333333333333334
la_15x15,la,15x15,1,3,7,1050,75,0.006666666666666667,0.09333333333333334
la_15x15,la,15x15,1,4,4,1050,75,0.0038095238095238095,0.05333333333333334
la_15x15,la,15x15,1,5,4,1050,75,0.0038095238095238095,0.05333333333333334
la_15x15,la,15x15,1,6,5,1050,75,0.004761904761904762,0.06666666666666667
la_15x15,la,15x15,1,7,8,1050,75,0.007619047619047619,0.10666666666666667
la_15x15,la,15x15,1,8,5,1050,75,0.004761904761904762,0.06666666666666667
la_15x15,la,15x15,1,9,5,1050,75,0.004761904761904762,0.06666666666666667
la_15x15,la,15x15,1,10,5,1050,75,0.004761904761904762,0.06666666666666667
la_15x15,la,15x15,1,11,3,1050,75,0.002857142857142857,0.04
la_15x15,la,15x15,1,12,5,1050,75,0.004761904761904762,0.06666666666666667
la_15x15,la,15x15,1,13,4,1050,75,0.0038095238095238095,0.05333333333333334
la_15x15,la,15x15,1,14,5,1050,75,0.004761904761904762,0.06666666666666667
la_15x15,la,15x15,2,0,10,1050,75,0.009523809523809525,0.13333333333333333
la_15x15,la,15x15,2,1,4,1050,75,0.0038095238095238095,0.05333333333333334
la_15x15,la,15x15,2,3,5,1050,75,0.004761904761904762,0.06666666666666667
la_15x15,la,15x15,2,4,6,1050,75,0.005714285714285714,0.08
la_15x15,la,15x15,2,5,1,1050,75,0.0009523809523809524,0.013333333333333334
la_15x15,la,15x15,2,6,3,1050,75,0.002857142857142857,0.04
la_15x15,la,15x15,2,7,5,1050,75,0.004761904761904762,0.06666666666666667
la_15x15,la,15x15,2,8,3,1050,75,0.002857142857142857,0.04
la_15x15,la,15x15,2,9,6,1050,75,0.005714285714285714,0.08
la_15x15,la,15x15,2,10,2,1050,75,0.0019047619047619048,0.02666666666666667
la_15x15,la,15x15,2,11,2,1050,75,0.0019047619047619048,0.02666666666666667
la_15x15,la,15x15,2,12,4,1050,75,0.0038095238095238095,0.05333333333333334
la_15x15,la,15x15,2,13,10,1050,75,0.009523809523809525,0.13333333333333333
la_15x15,la,15x15,2,14,9,1050,75,0.008571428571428572,0.12
la_15x15,la,15x15,3,0,3,1050,75,0.002857142857142857,0.04
la_15x15,la,15x15,3,1,4,1050,75,0.0038095238095238095,0.05333333333333334
la_15x15,la,15x15,3,2,5,1050,75,0.004761904761904762,0.06666666666666667
la_15x15,la,15x15,3,4,6,1050,75,0.005714285714285714,0.08
la_15x15,la,15x15,3,5,6,1050,75,0.005714285714285714,0.08
la_15x15,la,15x15,3,6,5,1050,75,0.004761904761904762,0.06666666666666667
la_15x15,la,15x15,3,7,10,1050,75,0.009523809523809525,0.13333333333333333
la_15x15,la,15x15,3,8,4,1050,75,0.0038095238095238095,0.05333333333333334
la_15x15,la,15x15,3,9,1,1050,75,0.0009523809523809524,0.013333333333333334
la_15x15,la,15x15,3,10,8,1050,75,0.007619047619047619,0.10666666666666667
la_15x15,la,15x15,3,11,1,1050,75,0.0009523809523809524,0.013333333333333334
la_15x15,la,15x15,3,12,5,1050,75,0.004761904761904762,0.06666666666666667
la_15x15,la,15x15,3,13,7,1050,75,0.006666666666666667,0.09333333333333334
la_15x15,la,15x15,3,14,5,1050,75,0.004761904761904762,0.06666666666666667
la_15x15,la,15x15,4,0,4,1050,75,0.0038095238095238095,0.05333333333333334
la_15x15,la,15x15,4,1,4,1050,75,0.0038095238095238095,0.05333333333333334
la_15x15,la,15x15,4,2,5,1050,75,0.004761904761904762,0.06666666666666667
la_15x15,la,15x15,4,3,8,1050,75,0.007619047619047619,0.10666666666666667
la_15x15,la,15x15,4,5,4,1050,75,0.0038095238095238095,0.05333333333333334
la_15x15,la,15x15,4,6,3,1050,75,0.002857142857142857,0.04
la_15x15,la,15x15,4,7,0,1050,75,0.0,0.0
la_15x15,la,15x15,4,8,6,1050,75,0.005714285714285714,0.08
la_15x15,la,15x15,4,9,4,1050,75,0.0038095238095238095,0.05333333333333334
la_15x15,la,15x15,4,10,4,1050,75,0.0038095238095238095,0.05333333333333334
la_15x15,la,15x15,4,11,3,1050,75,0.002857142857142857,0.04
la_15x15,la,15x15,4,12,10,1050,75,0.009523809523809525,0.13333333333333333
la_15x15,la,15x15,4,13,8,1050,75,0.007619047619047619,0.10666666666666667
la_15x15,la,15x15,4,14,6,1050,75,0.005714285714285714,0.08
la_15x15,la,15x15,5,0,3,1050,75,0.002857142857142857,0.04
la_15x15,la,15x15,5,1,3,1050,75,0.002857142857142857,0.04
la_15x15,la,15x15,5,2,6,1050,75,0.005714285714285714,0.08
la_15x15,la,15x15,5,3,2,1050,75,0.0019047619047619048,0.02666666666666667
la_15x15,la,15x15,5,4,5,1050,75,0.004761904761904762,0.06666666666666667
la_15x15,la,15x15,5,6,6,1050,75,0.005714285714285714,0.08
la_15x15,la,15x15,5,7,4,1050,75,0.0038095238095238095,0.05333333333333334
la_15x15,la,15x15,5,8,7,1050,75,0.006666666666666667,0.09333333333333334
la_15x15,la,15x15,5,9,9,1050,75,0.008571428571428572,0.12
la_15x15,la,15x15,5,10,4,1050,75,0.0038095238095238095,0.05333333333333334
la_15x15,la,15x15,5,11,11,1050,75,0.010476190476190476,0.14666666666666667
la_15x15,la,15x15,5,12,5,1050,75,0.004761904761904762,0.06666666666666667
la_15x15,la,15x15,5,13,2,1050,75,0.0019047619047619048,0.02666666666666667
la_15x15,la,15x15,5,14,4,1050,75,0.0038095238095238095,0.05333333333333334
la_15x15,la,15x15,6,0,5,1050,75,0.004761904761904762,0.06666666666666667
la_15x15,la,15x15,6,1,7,1050,75,0.006666666666666667,0.09333333333333334
la_15x15,la,15x15,6,2,3,1050,75,0.002857142857142857,0.04
la_15x15,la,15x15,6,3,5,1050,75,0.004761904761904762,0.06666666666666667
la_15x15,la,15x15,6,4,4,1050,75,0.0038095238095238095,0.05333333333333334
la_15x15,la,15x15,6,5,8,1050,75,0.007619047619047619,0.10666666666666667
la_15x15,la,15x15,6,7,7,1050,75,0.006666666666666667,0.09333333333333334
la_15x15,la,15x15,6,8,5,1050,75,0.004761904761904762,0.06666666666666667
la_15x15,la,15x15,6,9,6,1050,75,0.005714285714285714,0.08
la_15x15,la,15x15,6,10,5,1050,75,0.004761904761904762,0.06666666666666667
la_15x15,la,15x15,6,11,6,1050,75,0.005714285714285714,0.08
la_15x15,la,15x15,6,12,4,1050,75,0.0038095238095238095,0.05333333333333334
la_15x15,la,15x15,6,13,1,1050,75,0.0009523809523809524,0.013333333333333334
la_15x15,la,15x15,6,14,7,1050,75,0.006666666666666667,0.09333333333333334
la_15x15,la,15x15,7,0,5,1050,75,0.004761904761904762,0.06666666666666667
la_15x15,la,15x15,7,1,2,1050,75,0.0019047619047619048,0.02666666666666667
la_15x15,la,15x15,7,2,5,1050,75,0.004761904761904762,0.06666666666666667
la_15x15,la,15x15,7,3,1,1050,75,0.0009523809523809524,0.013333333333333334
la_15x15,la,15x15,7,4,11,1050,75,0.010476190476190476,0.14666666666666667
la_15x15,la,15x15,7,5,6,1050,75,0.005714285714285714,0.08
la_15x15,la,15x15,7,6,5,1050,75,0.004761904761904762,0.06666666666666667
la_15x15,la,15x15,7,8,6,1050,75,0.005714285714285714,0.08
la_15x15,la,15x15,7,9,3,1050,75,0.002857142857142857,0.04
la_15x15,la,15x15,7,10,5,1050,75,0.004761904761904762,0.06666666666666667
la_15x15,la,15x15,7,11,4,1050,75,0.0038095238095238095,0.05333333333333334
la_15x15,la,15x15,7,12,4,1050,75,0.0038095238095238095,0.05333333333333334
la_15x15,la,15x15,7,13,7,1050,75,0.006666666666666667,0.09333333333333334
la_15x15,la,15x15,7,14,6,1050,75,0.005714285714285714,0.08
la_15x15,la,15x15,8,0,5,1050,75,0.004761904761904762,0.06666666666666667
la_15x15,la,15x15,8,1,7,1050,75,0.006666666666666667,0.09333333333333334
la_15x15,la,15x15,8,2,7,1050,75,0.006666666666666667,0.09333333333333334
la_15x15,la,15x15,8,3,4,1050,75,0.0038095238095238095,0.05333333333333334
la_15x15,la,15x15,8,4,4,1050,75,0.0038095238095238095,0.05333333333333334
la_15x15,la,15x15,8,5,7,1050,75,0.006666666666666667,0.09333333333333334
la_15x15,la,15x15,8,6,9,1050,75,0.008571428571428572,0.12
la_15x15,la,15x15,8,7,7,1050,75,0.006666666666666667,0.09333333333333334
la_15x15,la,15x15,8,9,1,1050,75,0.0009523809523809524,0.013333333333333334
la_15x15,la,15x15,8,10,2,1050,75,0.0019047619047619048,0.02666666666666667
la_15x15,la,15x15,8,11,8,1050,75,0.007619047619047619,0.10666666666666667
la_15x15,la,15x15,8,12,1,1050,75,0.0009523809523809524,0.013333333333333334
la_15x15,la,15x15,8,13,4,1050,75,0.0038095238095238095,0.05333333333333334
la_15x15,la,15x15,8,14,4,1050,75,0.0038095238095238095,0.05333333333333334
la_15x15,la,15x15,9,0,3,1050,75,0.002857142857142857,0.04
la_15x15,la,15x15,9,1,6,1050,75,0.005714285714285714,0.08
la_15x15,la,15x15,9,2,4,1050,75,0.0038095238095238095,0.05333333333333334
la_15x15,la,15x15,9,3,4,1050,75,0.0038095238095238095,0.05333333333333334
la_15x15,la,15x15,9,4,3,1050,75,0.002857142857142857,0.04
la_15x15,la,15x15,9,5,9,1050,75,0.008571428571428572,0.12
la_15x15,la,15x15,9,6,6,1050,75,0.005714285714285714,0.08
la_15x15,la,15x15,9,7,6,1050,75,0.005714285714285714,0.08
la_15x15,la,15x15,9,8,5,1050,75,0.004761904761904762,0.06666666666666667
la_15x15,la,15x15,9,10,7,1050,75,0.006666666666666667,0.09333333333333334
la_15x15,la,15x15,9,11,5,1050,75,0.004761904761904762,0.06666666666666667
la_15x15,la,15x15,9,12,3,1050,75,0.002857142857142857,0.04
la_15x15,la,15x15,9,13,1,1050,75,0.0009523809523809524,0.013333333333333334
la_15x15,la,15x15,9,14,7,1050,75,0.006666666666666667,0.09333333333333334
la_15x15,la,15x15,10,0,6,1050,75,0.005714285714285714,0.08
la_15x15,la,15x15,10,1,5,1050,75,0.004761904761904762,0.06666666666666667
la_15x15,la,15x15,10,2,6,1050,75,0.005714285714285714,0.08
la_15x15,la,15x15,10,3,4,1050,75,0.0038095238095238095,0.05333333333333334
la_15x15,la,15x15,10,4,5,1050,75,0.004761904761904762,0.06666666666666667
la_15x15,la,15x15,10,5,6,1050,75,0.005714285714285714,0.08
la_15x15,la,15x15,10,6,4,1050,75,0.0038095238095238095,0.05333333333333334
la_15x15,la,15x15,10,7,4,1050,75,0.0038095238095238095,0.05333333333333334
la_15x15,la,15x15,10,8,2,1050,75,0.0019047619047619048,0.02666666666666667
la_15x15,la,15x15,10,9,6,1050,75,0.005714285714285714,0.08
la_15x15,la,15x15,10,11,3,1050,75,0.002857142857142857,0.04
la_15x15,la,15x15,10,12,13,1050,75,0.012380952380952381,0.17333333333333334
la_15x15,la,15x15,10,13,7,1050,75,0.006666666666666667,0.09333333333333334
la_15x15,la,15x15,10,14,3,1050,75,0.002857142857142857,0.04
la_15x15,la,15x15,11,0,4,1050,75,0.0038095238095238095,0.05333333333333334
la_15x15,la,15x15,11,1,4,1050,75,0.0038095238095238095,0.05333333333333334
la_15x15,la,15x15,11,2,5,1050,75,0.004761904761904762,0.06666666666666667
la_15x15,la,15x15,11,3,4,1050,75,0.0038095238095238095,0.05333333333333334
la_15x15,la,15x15,11,4,6,1050,75,0.005714285714285714,0.08
la_15x15,la,15x15,11,5,6,1050,75,0.005714285714285714,0.08
la_15x15,la,15x15,11,6,7,1050,75,0.006666666666666667,0.09333333333333334
la_15x15,la,15x15,11,7,6,1050,75,0.005714285714285714,0.08
la_15x15,la,15x15,11,8,3,1050,75,0.002857142857142857,0.04
la_15x15,la,15x15,11,9,3,1050,75,0.002857142857142857,0.04
la_15x15,la,15x15,11,10,5,1050,75,0.004761904761904762,0.06666666666666667
la_15x15,la,15x15,11,12,5,1050,75,0.004761904761904762,0.06666666666666667
la_15x15,la,15x15,11,13,5,1050,75,0.004761904761904762,0.06666666666666667
la_15x15,la,15x15,11,14,6,1050,75,0.005714285714285714,0.08
la_15x15,la,15x15,12,0,12,1050,75,0.011428571428571429,0.16
la_15x15,la,15x15,12,1,7,1050,75,0.006666666666666667,0.09333333333333334
la_15x15,la,15x15,12,2,6,1050,75,0.005714285714285714,0.08
la_15x15,la,15x15,12,3,1,1050,75,0.0009523809523809524,0.013333333333333334
la_15x15,la,15x15,12,4,3,1050,75,0.002857142857142857,0.04
la_15x15,la,15x15,12,5,2,1050,75,0.0019047619047619048,0.02666666666666667
la_15x15,la,15x15,12,6,5,1050,75,0.004761904761904762,0.06666666666666667
la_15x15,la,15x15,12,7,1,1050,75,0.0009523809523809524,0.013333333333333334
la_15x15,la,15x15,12,8,8,1050,75,0.007619047619047619,0.10666666666666667
la_15x15,la,15x15,12,9,5,1050,75,0.004761904761904762,0.06666666666666667
la_15x15,la,15x15,12,10,1,1050,75,0.0009523809523809524,0.013333333333333334
la_15x15,la,15x15,12,11,10,1050,75,0.009523809523809525,0.13333333333333333
la_15x15,la,15x15,12,13,7,1050,75,0.006666666666666667,0.09333333333333334
la_15x15,la,15x15,12,14,3,1050,75,0.002857142857142857,0.04
la_15x15,la,15x15,13,0,3,1050,75,0.002857142857142857,0.04
la_15x15,la,15x15,13,1,6,1050,75,0.005714285714285714,0.08
la_15x15,la,15x15,13,2,5,1050,75,0.004761904761904762,0.06666666666666667
la_15x15,la,15x15,13,3,7,1050,75,0.006666666666666667,0.09333333333333334
la_15x15,la,15x15,13,4,6,1050,75,0.005714285714285714,0.08
la_15x15,la,15x15,13,5,4,1050,75,0.0038095238095238095,0.05333333333333334
la_15x15,la,15x15,13,6,7,1050,75,0.006666666666666667,0.09333333333333334
la_15x15,la,15x15,13,7,3,1050,75,0.002857142857142857,0.04
la_15x15,la,15x15,13,8,7,1050,75,0.006666666666666667,0.09333333333333334
la_15x15,la,15x15,13,9,4,1050,75,0.0038095238095238095,0.05333333333333334
la_15x15,la,15x15,13,10,6,1050,75,0.005714285714285714,0.08
la_15x15,la,15x15,13,11,5,1050,75,0.004761904761904762,0.06666666666666667
la_15x15,la,15x15,13,12,7,1050,75,0.006666666666666667,0.09333333333333334
la_15x15,la,15x15,13,14,2,1050,75,0.0019047619047619048,0.02666666666666667
la_15x15,la,15x15,14,0,5,1050,75,0.004761904761904762,0.06666666666666667
la_15x15,la,15x15,14,1,3,1050,75,0.002857142857142857,0.04
la_15x15,la,15x15,14,2,3,1050,75,0.002857142857142857,0.04
la_15x15,la,15x15,14,3,10,1050,75,0.009523809523809525,0.13333333333333333
la_15x15,la,15x15,14,4,3,1050,75,0.002857142857142857,0.04
la_15x15,la,15x15,14,5,5,1050,75,0.004761904761904762,0.06666666666666667
la_15x15,la,15x15,14,6,2,1050,75,0.0019047619047619048,0.02666666666666667
la_15x15,la,15x15,14,7,5,1050,75,0.004761904761904762,0.06666666666666667
la_15x15,la,15x15,14,8,7,1050,75,0.006666666666666667,0.09333333333333334
la_15x15,la,15x15,14,9,5,1050,75,0.004761904761904762,0.06666666666666667
la_15x15,la,15x15,14,10,10,1050,75,0.009523809523809525,0.13333333333333333
la_15x15,la,15x15,14,11,3,1050,75,0.002857142857142857,0.04
la_15x15,la,15x15,14,12,4,1050,75,0.0038095238095238095,0.05333333333333334
la_15x15,la,15x15,14,13,5,1050,75,0.004761904761904762,0.06666666666666667
la_15x5,la,15x5,0,1,24,300,75,0.08,0.32
la_15x5,la,15x5,0,2,8,300,75,0.02666666666666667,0.10666666666666667
la_15x5,la,15x5,0,3,12,300,75,0.04,0.16
la_15x5,la,15x5,0,4,19,300,75,0.06333333333333334,0.25333333333333335
la_15x5,la,15x5,1,0,15,300,75,0.05,0.2
la_15x5,la,15x5,1,2,21,300,75,0.07,0.28
la_15x5,la,15x5,1,3,11,300,75,0.03666666666666667,0.14666666666666667
la_15x5,la,15x5,1,4,12,300,75,0.04,0.16
la_15x5,la,15x5,2,0,18,300,75,0.06,0.24
la_15x5,la,15x5,2,1,14,300,75,0.04666666666666667,0.18666666666666668
la_15x5,la,15x5,2,3,13,300,75,0.043333333333333335,0.17333333333333334
la_15x5,la,15x5,2,4,15,300,75,0.05,0.2
la_15x5,la,15x5,3,0,8,300,75,0.02666666666666667,0.10666666666666667
la_15x5,la,15x5,3,1,18,300,75,0.06,0.24
la_15x5,la,15x5,3,2,18,300,75,0.06,0.24
la_15x5,la,15x5,3,4,13,300,75,0.043333333333333335,0.17333333333333334
la_15x5,la,15x5,4,0,16,300,75,0.05333333333333334,0.21333333333333335
la_15x5,la,15x5,4,1,10,300,75,0.03333333333333333,0.13333333333333333
la_15x5,la,15x5,4,2,12,300,75,0.04,0.16
la_15x5,la,15x5,4,3,23,300,75,0.07666666666666666,0.30666666666666664
la_20x10,la,20x10,0,1,8,900,100,0.008888888888888889,0.08
la_20x10,la,20x10,0,2,15,900,100,0.016666666666666666,0.15
la_20x10,la,20x10,0,3,13,900,100,0.014444444444444444,0.13
la_20x10,la,20x10,0,4,4,900,100,0.0044444444444444444,0.04
la_20x10,la,20x10,0,5,15,900,100,0.016666666666666666,0.15
la_20x10,la,20x10,0,6,8,900,100,0.008888888888888889,0.08
la_20x10,la,20x10,0,7,6,900,100,0.006666666666666667,0.06
la_20x10,la,20x10,0,8,9,900,100,0.01,0.09
la_20x10,la,20x10,0,9,5,900,100,0.005555555555555556,0.05
la_20x10,la,20x10,1,0,10,900,100,0.011111111111111112,0.1
la_20x10,la,20x10,1,2,7,900,100,0.0077777777777777776,0.07
la_20x10,la,20x10,1,3,8,900,100,0.008888888888888889,0.08
la_20x10,la,20x10,1,4,9,900,100,0.01,0.09
la_20x10,la,20x10,1,5,7,900,100,0.0077777777777777776,0.07
la_20x10,la,20x10,1,6,6,900,100,0.006666666666666667,0.06
la_20x10,la,20x10,1,7,12,900,100,0.013333333333333334,0.12
la_20x10,la,20x10,1,8,15,900,100,0.016666666666666666,0.15
la_20x10,la,20x10,1,9,9,900,100,0.01,0.09
la_20x10,la,20x10,2,0,5,900,100,0.005555555555555556,0.05
la_20x10,la,20x10,2,1,6,900,100,0.006666666666666667,0.06
la_20x10,la,20x10,2,3,13,900,100,0.014444444444444444,0.13
la_20x10,la,20x10,2,4,11,900,100,0.012222222222222223,0.11
la_20x10,la,20x10,2,5,9,900,100,0.01,0.09
la_20x10,la,20x10,2,6,13,900,100,0.014444444444444444,0.13
la_20x10,la,20x10,2,7,12,900,100,0.013333333333333334,0.12
la_20x10,la,20x10,2,8,13,900,100,0.014444444444444444,0.13
la_20x10,la,20x10,2,9,11,900,100,0.012222222222222223,0.11
la_20x10,la,20x10,3,0,8,900,100,0.008888888888888889,0.08
la_20x10,la,20x10,3,1,9,900,100,0.01,0.09
la_20x10,la,20x10,3,2,16,900,100,0.017777777777777778,0.16
la_20x10,la,20x10,3,4,10,900,100,0.011111111111111112,0.1
la_20x10,la,20x10,3,5,11,900,100,0.012222222222222223,0.11
la_20x10,la,20x10,3,6,12,900,100,0.013333333333333334,0.12
la_20x10,la,20x10,3,7,14,900,100,0.015555555555555555,0.14
la_20x10,la,20x10,3,8,5,900,100,0.005555555555555556,0.05
la_20x10,la,20x10,3,9,10,900,100,0.011111111111111112,0.1
la_20x10,la,20x10,4,0,11,900,100,0.012222222222222223,0.11
la_20x10,la,20x10,4,1,3,900,100,0.0033333333333333335,0.03
la_20x10,la,20x10,4,2,5,900,100,0.005555555555555556,0.05
la_20x10,la,20x10,4,3,10,900,100,0.011111111111111112,0.1
la_20x10,la,20x10,4,5,13,900,100,0.014444444444444444,0.13
la_20x10,la,20x10,4,6,15,900,100,0.016666666666666666,0.15
la_20x10,la,20x10,4,7,14,900,100,0.015555555555555555,0.14
la_20x10,la,20x10,4,8,7,900,100,0.0077777777777777776,0.07
la_20x10,la,20x10,4,9,9,900,100,0.01,0.09
la_20x10,la,20x10,5,0,11,900,100,0.012222222222222223,0.11
la_20x10,la,20x10,5,1,6,900,100,0.006666666666666667,0.06
la_20x10,la,20x10,5,2,12,900,100,0.013333333333333334,0.12
la_20x10,la,20x10,5,3,11,900,100,0.012222222222222223,0.11
la_20x10,la,20x10,5,4,14,900,100,0.015555555555555555,0.14
la_20x10,la,20x10,5,6,13,900,100,0.014444444444444444,0.13
la_20x10,la,20x10,5,7,6,900,100,0.006666666666666667,0.06
la_20x10,la,20x10,5,8,7,900,100,0.0077777777777777776,0.07
la_20x10,la,20x10,5,9,13,900,100,0.014444444444444444,0.13
la_20x10,la,20x10,6,0,8,900,100,0.008888888888888889,0.08
la_20x10,la,20x10,6,1,11,900,100,0.012222222222222223,0.11
la_20x10,la,20x10,6,2,7,900,100,0.0077777777777777776,0.07
la_20x10,la,20x10,6,3,12,900,100,0.013333333333333334,0.12
la_20x10,la,20x10,6,4,13,900,100,0.014444444444444444,0.13
la_20x10,la,20x10,6,5,8,900,100,0.008888888888888889,0.08
la_20x10,la,20x10,6,7,10,900,100,0.011111111111111112,0.1
la_20x10,la,20x10,6,8,7,900,100,0.0077777777777777776,0.07
la_20x10,la,20x10,6,9,13,900,100,0.014444444444444444,0.13
la_20x10,la,20x10,7,0,12,900,100,0.013333333333333334,0.12
la_20x10,la,20x10,7,1,9,900,100,0.01,0.09
la_20x10,la,20x10,7,2,9,900,100,0.01,0.09
la_20x10,la,20x10,7,3,7,900,100,0.0077777777777777776,0.07
la_20x10,la,20x10,7,4,10,900,100,0.011111111111111112,0.1
la_20x10,la,20x10,7,5,11,900,100,0.012222222222222223,0.11
la_20x10,la,20x10,7,6,7,900,100,0.0077777777777777776,0.07
la_20x10,la,20x10,7,8,16,900,100,0.017777777777777778,0.16
la_20x10,la,20x10,7,9,9,900,100,0.01,0.09
la_20x10,la,20x10,8,0,11,900,100,0.012222222222222223,0.11
la_20x10,la,20x10,8,1,14,900,100,0.015555555555555555,0.14
la_20x10,la,20x10,8,2,10,900,100,0.011111111111111112,0.1
la_20x10,la,20x10,8,3,8,900,100,0.008888888888888889,0.08
la_20x10,la,20x10,8,4,7,900,100,0.0077777777777777776,0.07
la_20x10,la,20x10,8,5,7,900,100,0.0077777777777777776,0.07
la_20x10,la,20x10,8,6,12,900,100,0.013333333333333334,0.12
la_20x10,la,20x10,8,7,11,900,100,0.012222222222222223,0.11
la_20x10,la,20x10,8,9,14,900,100,0.015555555555555555,0.14
la_20x10,la,20x10,9,0,14,900,100,0.015555555555555555,0.14
la_20x10,la,20x10,9,1,19,900,100,0.021111111111111112,0.19
la_20x10,la,20x10,9,2,6,900,100,0.006666666666666667,0.06
la_20x10,la,20x10,9,3,8,900,100,0.008888888888888889,0.08
la_20x10,la,20x10,9,4,10,900,100,0.011111111111111112,0.1
la_20x10,la,20x10,9,5,9,900,100,0.01,0.09
la_20x10,la,20x10,9,6,6,900,100,0.006666666666666667,0.06
la_20x10,la,20x10,9,7,8,900,100,0.008888888888888889,0.08
la_20x10,la,20x10,9,8,13,900,100,0.014444444444444444,0.13
la_20x5,la,20x5,0,1,19,400,100,0.0475,0.19
la_20x5,la,20x5,0,2,18,400,100,0.045,0.18
la_20x5,la,20x5,0,3,25,400,100,0.0625,0.25
la_20x5,la,20x5,0,4,22,400,100,0.055,0.22
la_20x5,la,20x5,1,0,21,400,100,0.0525,0.21
la_20x5,la,20x5,1,2,22,400,100,0.055,0.22
la_20x5,la,20x5,1,3,21,400,100,0.0525,0.21
la_20x5,la,20x5,1,4,17,400,100,0.0425,0.17
la_20x5,la,20x5,2,0,22,400,100,0.055,0.22
la_20x5,la,20x5,2,1,20,400,100,0.05,0.2
la_20x5,la,20x5,2,3,16,400,100,0.04,0.16
la_20x5,la,20x5,2,4,22,400,100,0.055,0.22
la_20x5,la,20x5,3,0,13,400,100,0.0325,0.13
la_20x5,la,20x5,3,1,24,400,100,0.06,0.24
la_20x5,la,20x5,3,2,17,400,100,0.0425,0.17
la_20x5,la,20x5,3,4,22,400,100,0.055,0.22
la_20x5,la,20x5,4,0,21,400,100,0.0525,0.21
la_20x5,la,20x5,4,1,12,400,100,0.03,0.12
la_20x5,la,20x5,4,2,23,400,100,0.0575,0.23
la_20x5,la,20x5,4,3,23,400,100,0.0575,0.23
la_30x10,la,30x10,0,1,14,1350,150,0.01037037037037037,0.09333333333333334
la_30x10,la,30x10,0,2,16,1350,150,0.011851851851851851,0.10666666666666667
la_30x10,la,30x10,0,3,11,1350,150,0.008148148148148147,0.07333333333333333
la_30x10,la,30x10,0,4,11,1350,150,0.008148148148148147,0.07333333333333333
la_30x10,la,30x10,0,5,18,1350,150,0.013333333333333334,0.12
la_30x10,la,30x10,0,6,19,1350,150,0.014074074074074074,0.12666666666666668
la_30x10,la,30x10,0,7,14,1350,150,0.01037037037037037,0.09333333333333334
la_30x10,la,30x10,0,8,17,1350,150,0.012592592592592593,0.11333333333333333
la_30x10,la,30x10,0,9,16,1350,150,0.011851851851851851,0.10666666666666667
la_30x10,la,30x10,1,0,17,1350,150,0.012592592592592593,0.11333333333333333
la_30x10,la,30x10,1,2,14,1350,150,0.01037037037037037,0.09333333333333334
la_30x10,la,30x10,1,3,13,1350,150,0.00962962962962963,0.08666666666666667
la_30x10,la,30x10,1,4,18,1350,150,0.013333333333333334,0.12
la_30x10,la,30x10,1,5,11,1350,150,0.008148148148148147,0.07333333333333333
la_30x10,la,30x10,1,6,18,1350,150,0.013333333333333334,0.12
la_30x10,la,30x10,1,7,16,1350,150,0.011851851851851851,0.10666666666666667
la_30x10,la,30x10,1,8,17,1350,150,0.012592592592592593,0.11333333333333333
la_30x10,la,30x10,1,9,12,1350,150,0.008888888888888889,0.08
la_30x10,la,30x10,2,0,14,1350,150,0.01037037037037037,0.09333333333333334
la_30x10,la,30x10,2,1,8,1350,150,0.005925925925925926,0.05333333333333334
la_30x10,la,30x10,2,3,15,1350,150,0.011111111111111112,0.1
la_30x10,la,30x10,2,4,15,1350,150,0.011111111111111112,0.1
la_30x10,la,30x10,2,5,13,1350,150,0.00962962962962963,0.08666666666666667
la_30x10,la,30x10,2,6,17,1350,150,0.012592592592592593,0.11333333333333333
la_30x10,la,30x10,2,7,16,1350,150,0.011851851851851851,0.10666666666666667
la_30x10,la,30x10,2,8,23,1350,150,0.017037037037037038,0.15333333333333332
la_30x10,la,30x10,2,9,14,1350,150,0.01037037037037037,0.09333333333333334
la_30x10,la,30x10,3,0,16,1350,150,0.011851851851851851,0.10666666666666667
la_30x10,la,30x10,3,1,16,1350,150,0.011851851851851851,0.10666666666666667
la_30x10,la,30x10,3,2,20,1350,150,0.014814814814814815,0.13333333333333333
la_30x10,la,30x10,3,4,13,1350,150,0.00962962962962963,0.08666666666666667
la_30x10,la,30x10,3,5,18,1350,150,0.013333333333333334,0.12
la_30x10,la,30x10,3,6,17,1350,150,0.012592592592592593,0.11333333333333333
la_30x10,la,30x10,3,7,13,1350,150,0.00962962962962963,0.08666666666666667
la_30x10,la,30x10,3,8,13,1350,150,0.00962962962962963,0.08666666666666667
la_30x10,la,30x10,3,9,15,1350,150,0.011111111111111112,0.1
la_30x10,la,30x10,4,0,11,1350,150,0.008148148148148147,0.07333333333333333
la_30x10,la,30x10,4,1,11,1350,150,0.008148148148148147,0.07333333333333333
la_30x10,la,30x10,4,2,14,1350,150,0.01037037037037037,0.09333333333333334
la_30x10,la,30x10,4,3,17,1350,150,0.012592592592592593,0.11333333333333333
la_30x10,la,30x10,4,5,13,1350,150,0.00962962962962963,0.08666666666666667
la_30x10,la,30x10,4,6,22,1350,150,0.016296296296296295,0.14666666666666667
la_30x10,la,30x10,4,7,20,1350,150,0.014814814814814815,0.13333333333333333
la_30x10,la,30x10,4,8,12,1350,150,0.008888888888888889,0.08
la_30x10,la,30x10,4,9,11,1350,150,0.008148148148148147,0.07333333333333333
la_30x10,la,30x10,5,0,14,1350,150,0.01037037037037037,0.09333333333333334
la_30x10,la,30x10,5,1,22,1350,150,0.016296296296296295,0.14666666666666667
la_30x10,la,30x10,5,2,11,1350,150,0.008148148148148147,0.07333333333333333
la_30x10,la,30x10,5,3,21,1350,150,0.015555555555555555,0.14
la_30x10,la,30x10,5,4,16,1350,150,0.011851851851851851,0.10666666666666667
la_30x10,la,30x10,5,6,14,1350,150,0.01037037037037037,0.09333333333333334
la_30x10,la,30x10,5,7,8,1350,150,0.005925925925925926,0.05333333333333334
la_30x10,la,30x10,5,8,8,1350,150,0.005925925925925926,0.05333333333333334
la_30x10,la,30x10,5,9,19,1350,150,0.014074074074074074,0.12666666666666668
la_30x10,la,30x10,6,0,14,1350,150,0.01037037037037037,0.09333333333333334
la_30x10,la,30x10,6,1,15,1350,150,0.011111111111111112,0.1
la_30x10,la,30x10,6,2,15,1350,150,0.011111111111111112,0.1
la_30x10,la,30x10,6,3,17,1350,150,0.012592592592592593,0.11333333333333333
la_30x10,la,30x10,6,4,11,1350,150,0.008148148148148147,0.07333333333333333
la_30x10,la,30x10,6,5,18,1350,150,0.013333333333333334,0.12
la_30x10,la,30x10,6,7,18,1350,150,0.013333333333333334,0.12
la_30x10,la,30x10,6,8,13,1350,150,0.00962962962962963,0.08666666666666667
la_30x10,la,30x10,6,9,13,1350,150,0.00962962962962963,0.08666666666666667
la_30x10,la,30x10,7,0,18,1350,150,0.013333333333333334,0.12
la_30x10,la,30x10,7,1,15,1350,150,0.011111111111111112,0.1
la_30x10,la,30x10,7,2,15,1350,150,0.011111111111111112,0.1
la_30x10,la,30x10,7,3,14,1350,150,0.01037037037037037,0.09333333333333334
la_30x10,la,30x10,7,4,10,1350,150,0.007407407407407408,0.06666666666666667
la_30x10,la,30x10,7,5,12,1350,150,0.008888888888888889,0.08
la_30x10,la,30x10,7,6,10,1350,150,0.007407407407407408,0.06666666666666667
la_30x10,la,30x10,7,8,21,1350,150,0.015555555555555555,0.14
la_30x10,la,30x10,7,9,15,1350,150,0.011111111111111112,0.1
la_30x10,la,30x10,8,0,15,1350,150,0.011111111111111112,0.1
la_30x10,la,30x10,8,1,13,1350,150,0.00962962962962963,0.08666666666666667
la_30x10,la,30x10,8,2,14,1350,150,0.01037037037037037,0.09333333333333334
la_30x10,la,30x10,8,3,15,1350,150,0.011111111111111112,0.1
la_30x10,la,30x10,8,4,15,1350,150,0.011111111111111112,0.1
la_30x10,la,30x10,8,5,19,1350,150,0.014074074074074074,0.12666666666666668
la_30x10,la,30x10,8,6,12,1350,150,0.008888888888888889,0.08
la_30x10,la,30x10,8,7,16,1350,150,0.011851851851851851,0.10666666666666667
la_30x10,la,30x10,8,9,18,1350,150,0.013333333333333334,0.12
la_30x10,la,30x10,9,0,15,1350,150,0.011111111111111112,0.1
la_30x10,la,30x10,9,1,17,1350,150,0.012592592592592593,0.11333333333333333
la_30x10,la,30x10,9,2,13,1350,150,0.00962962962962963,0.08666666666666667
la_30x10,la,30x10,9,3,14,1350,150,0.01037037037037037,0.09333333333333334
la_30x10,la,30x10,9,4,20,1350,150,0.014814814814814815,0.13333333333333333
la_30x10,la,30x10,9,5,19,1350,150,0.014074074074074074,0.12666666666666668
la_30x10,la,30x10,9,6,12,1350,150,0.008888888888888889,0.08
la_30x10,la,30x10,9,7,12,1350,150,0.008888888888888889,0.08
la_30x10,la,30x10,9,8,15,1350,150,0.011111111111111112,0.1
orb_10x10,orb,10x10,0,1,30,900,100,0.03333333333333333,0.3
orb_10x10,orb,10x10,0,2,6,900,100,0.006666666666666667,0.06
orb_10x10,orb,10x10,0,3,14,900,100,0.015555555555555555,0.14
orb_10x10,orb,10x10,0,4,8,900,100,0.008888888888888889,0.08
orb_10x10,orb,10x10,0,5,4,900,100,0.0044444444444444444,0.04
orb_10x10,orb,10x10,0,6,8,900,100,0.008888888888888889,0.08
orb_10x10,orb,10x10,0,7,8,900,100,0.008888888888888889,0.08
orb_10x10,orb,10x10,0,8,4,900,100,0.0044444444444444444,0.04
orb_10x10,orb,10x10,0,9,6,900,100,0.006666666666666667,0.06
orb_10x10,orb,10x10,1,0,20,900,100,0.022222222222222223,0.2
orb_10x10,orb,10x10,1,2,18,900,100,0.02,0.18
orb_10x10,orb,10x10,1,3,8,900,100,0.008888888888888889,0.08
orb_10x10,orb,10x10,1,4,10,900,100,0.011111111111111112,0.1
orb_10x10,orb,10x10,1,5,18,900,100,0.02,0.18
orb_10x10,orb,10x10,1,6,4,900,100,0.0044444444444444444,0.04
orb_10x10,orb,10x10,1,7,2,900,100,0.0022222222222222222,0.02
orb_10x10,orb,10x10,1,8,4,900,100,0.0044444444444444444,0.04
orb_10x10,orb,10x10,1,9,4,900,100,0.0044444444444444444,0.04
orb_10x10,orb,10x10,2,0,4,900,100,0.0044444444444444444,0.04
orb_10x10,orb,10x10,2,1,24,900,100,0.02666666666666667,0.24
orb_10x10,orb,10x10,2,3,26,900,100,0.028888888888888888,0.26
orb_10x10,orb,10x10,2,4,14,900,100,0.015555555555555555,0.14
orb_10x10,orb,10x10,2,5,4,900,100,0.0044444444444444444,0.04
orb_10x10,orb,10x10,2,6,12,900,100,0.013333333333333334,0.12
orb_10x10,orb,10x10,2,7,2,900,100,0.0022222222222222222,0.02
orb_10x10,orb,10x10,2,8,6,900,100,0.006666666666666667,0.06
orb_10x10,orb,10x10,2,9,6,900,100,0.006666666666666667,0.06
orb_10x10,orb,10x10,3,0,4,900,100,0.0044444444444444444,0.04
orb_10x10,orb,10x10,3,1,8,900,100,0.008888888888888889,0.08
orb_10x10,orb,10x10,3,2,20,900,100,0.022222222222222223,0.2
orb_10x10,orb,10x10,3,4,26,900,100,0.028888888888888888,0.26
orb_10x10,orb,10x10,3,5,8,900,100,0.008888888888888889,0.08
orb_10x10,orb,10x10,3,6,12,900,100,0.013333333333333334,0.12
orb_10x10,orb,10x10,3,7,6,900,100,0.006666666666666667,0.06
orb_10x10,orb,10x10,3,8,10,900,100,0.011111111111111112,0.1
orb_10x10,orb,10x10,3,9,4,900,100,0.0044444444444444444,0.04
orb_10x10,orb,10x10,4,0,8,900,100,0.008888888888888889,0.08
orb_10x10,orb,10x10,4,1,14,900,100,0.015555555555555555,0.14
orb_10x10,orb,10x10,4,2,4,900,100,0.0044444444444444444,0.04
orb_10x10,orb,10x10,4,3,14,900,100,0.015555555555555555,0.14
orb_10x10,orb,10x10,4,5,20,900,100,0.022222222222222223,0.2
orb_10x10,orb,10x10,4,6,12,900,100,0.013333333333333334,0.12
orb_10x10,orb,10x10,4,7,12,900,100,0.013333333333333334,0.12
orb_10x10,orb,10x10,4,8,4,900,100,0.0044444444444444444,0.04
orb_10x10,orb,10x10,4,9,6,900,100,0.006666666666666667,0.06
orb_10x10,orb,10x10,5,0,6,900,100,0.006666666666666667,0.06
orb_10x10,orb,10x10,5,1,2,900,100,0.0022222222222222222,0.02
orb_10x10,orb,10x10,5,2,12,900,100,0.013333333333333334,0.12
orb_10x10,orb,10x10,5,3,14,900,100,0.015555555555555555,0.14
orb_10x10,orb,10x10,5,4,10,900,100,0.011111111111111112,0.1
orb_10x10,orb,10x10,5,6,14,900,100,0.015555555555555555,0.14
orb_10x10,orb,10x10,5,7,10,900,100,0.011111111111111112,0.1
orb_10x10,orb,10x10,5,8,12,900,100,0.013333333333333334,0.12
orb_10x10,orb,10x10,5,9,12,900,100,0.013333333333333334,0.12
orb_10x10,orb,10x10,6,0,0,900,100,0.0,0.0
orb_10x10,orb,10x10,6,1,8,900,100,0.008888888888888889,0.08
orb_10x10,orb,10x10,6,2,6,900,100,0.006666666666666667,0.06
orb_10x10,orb,10x10,6,3,6,900,100,0.006666666666666667,0.06
orb_10x10,orb,10x10,6,4,10,900,100,0.011111111111111112,0.1
orb_10x10,orb,10x10,6,5,14,900,100,0.015555555555555555,0.14
orb_10x10,orb,10x10,6,7,34,900,100,0.03777777777777778,0.34
orb_10x10,orb,10x10,6,8,8,900,100,0.008888888888888889,0.08
orb_10x10,orb,10x10,6,9,6,900,100,0.006666666666666667,0.06
orb_10x10,orb,10x10,7,0,2,900,100,0.0022222222222222222,0.02
orb_10x10,orb,10x10,7,1,0,900,100,0.0,0.0
orb_10x10,orb,10x10,7,2,4,900,100,0.0044444444444444444,0.04
orb_10x10,orb,10x10,7,3,2,900,100,0.0022222222222222222,0.02
orb_10x10,orb,10x10,7,4,10,900,100,0.011111111111111112,0.1
orb_10x10,orb,10x10,7,5,20,900,100,0.022222222222222223,0.2
orb_10x10,orb,10x10,7,6,16,900,100,0.017777777777777778,0.16
orb_10x10,orb,10x10,7,8,26,900,100,0.028888888888888888,0.26
orb_10x10,orb,10x10,7,9,14,900,100,0.015555555555555555,0.14
orb_10x10,orb,10x10,8,0,2,900,100,0.0022222222222222222,0.02
orb_10x10,orb,10x10,8,1,0,900,100,0.0,0.0
orb_10x10,orb,10x10,8,2,8,900,100,0.008888888888888889,0.08
orb_10x10,orb,10x10,8,3,10,900,100,0.011111111111111112,0.1
orb_10x10,orb,10x10,8,4,4,900,100,0.0044444444444444444,0.04
orb_10x10,orb,10x10,8,5,4,900,100,0.0044444444444444444,0.04
orb_10x10,orb,10x10,8,6,6,900,100,0.006666666666666667,0.06
orb_10x10,orb,10x10,8,7,16,900,100,0.017777777777777778,0.16
orb_10x10,orb,10x10,8,9,32,900,100,0.035555555555555556,0.32
orb_10x10,orb,10x10,9,0,2,900,100,0.0022222222222222222,0.02
orb_10x10,orb,10x10,9,1,2,900,100,0.0022222222222222222,0.02
orb_10x10,orb,10x10,9,2,6,900,100,0.006666666666666667,0.06
orb_10x10,orb,10x10,9,3,6,900,100,0.006666666666666667,0.06
orb_10x10,orb,10x10,9,4,2,900,100,0.0022222222222222222,0.02
orb_10x10,orb,10x10,9,5,8,900,100,0.008888888888888889,0.08
orb_10x10,orb,10x10,9,6,16,900,100,0.017777777777777778,0.16
orb_10x10,orb,10x10,9,7,10,900,100,0.011111111111111112,0.1
orb_10x10,orb,10x10,9,8,22,900,100,0.024444444444444446,0.22
swv_20x10,swv,20x10,0,1,17,900,100,0.01888888888888889,0.17
swv_20x10,swv,20x10,0,2,23,900,100,0.025555555555555557,0.23
swv_20x10,swv,20x10,0,3,20,900,100,0.022222222222222223,0.2
swv_20x10,swv,20x10,0,4,18,900,100,0.02,0.18
swv_20x10,swv,20x10,0,5,7,900,100,0.0077777777777777776,0.07
swv_20x10,swv,20x10,0,6,0,900,100,0.0,0.0
swv_20x10,swv,20x10,0,7,5,900,100,0.005555555555555556,0.05
swv_20x10,swv,20x10,0,8,5,900,100,0.005555555555555556,0.05
swv_20x10,swv,20x10,0,9,5,900,100,0.005555555555555556,0.05
swv_20x10,swv,20x10,1,0,16,900,100,0.017777777777777778,0.16
swv_20x10,swv,20x10,1,2,23,900,100,0.025555555555555557,0.23
swv_20x10,swv,20x10,1,3,14,900,100,0.015555555555555555,0.14
swv_20x10,swv,20x10,1,4,29,900,100,0.03222222222222222,0.29
swv_20x10,swv,20x10,1,5,4,900,100,0.0044444444444444444,0.04
swv_20x10,swv,20x10,1,6,3,900,100,0.0033333333333333335,0.03
swv_20x10,swv,20x10,1,7,4,900,100,0.0044444444444444444,0.04
swv_20x10,swv,20x10,1,8,4,900,100,0.0044444444444444444,0.04
swv_20x10,swv,20x10,1,9,3,900,100,0.0033333333333333335,0.03
swv_20x10,swv,20x10,2,0,25,900,100,0.027777777777777776,0.25
swv_20x10,swv,20x10,2,1,25,900,100,0.027777777777777776,0.25
swv_20x10,swv,20x10,2,3,18,900,100,0.02,0.18
swv_20x10,swv,20x10,2,4,11,900,100,0.012222222222222223,0.11
swv_20x10,swv,20x10,2,5,5,900,100,0.005555555555555556,0.05
swv_20x10,swv,20x10,2,6,4,900,100,0.0044444444444444444,0.04
swv_20x10,swv,20x10,2,7,8,900,100,0.008888888888888889,0.08
swv_20x10,swv,20x10,2,8,2,900,100,0.0022222222222222222,0.02
swv_20x10,swv,20x10,2,9,2,900,100,0.0022222222222222222,0.02
swv_20x10,swv,20x10,3,0,17,900,100,0.01888888888888889,0.17
swv_20x10,swv,20x10,3,1,25,900,100,0.027777777777777776,0.25
swv_20x10,swv,20x10,3,2,19,900,100,0.021111111111111112,0.19
swv_20x10,swv,20x10,3,4,16,900,100,0.017777777777777778,0.16
swv_20x10,swv,20x10,3,5,6,900,100,0.006666666666666667,0.06
swv_20x10,swv,20x10,3,6,3,900,100,0.0033333333333333335,0.03
swv_20x10,swv,20x10,3,7,3,900,100,0.0033333333333333335,0.03
swv_20x10,swv,20x10,3,8,6,900,100,0.006666666666666667,0.06
swv_20x10,swv,20x10,3,9,5,900,100,0.005555555555555556,0.05
swv_20x10,swv,20x10,4,0,27,900,100,0.03,0.27
swv_20x10,swv,20x10,4,1,16,900,100,0.017777777777777778,0.16
swv_20x10,swv,20x10,4,2,15,900,100,0.016666666666666666,0.15
swv_20x10,swv,20x10,4,3,26,900,100,0.028888888888888888,0.26
swv_20x10,swv,20x10,4,5,2,900,100,0.0022222222222222222,0.02
swv_20x10,swv,20x10,4,6,2,900,100,0.0022222222222222222,0.02
swv_20x10,swv,20x10,4,7,5,900,100,0.005555555555555556,0.05
swv_20x10,swv,20x10,4,8,5,900,100,0.005555555555555556,0.05
swv_20x10,swv,20x10,4,9,2,900,100,0.0022222222222222222,0.02
swv_20x10,swv,20x10,5,0,0,900,100,0.0,0.0
swv_20x10,swv,20x10,5,1,0,900,100,0.0,0.0
swv_20x10,swv,20x10,5,2,0,900,100,0.0,0.0
swv_20x10,swv,20x10,5,3,0,900,100,0.0,0.0
swv_20x10,swv,20x10,5,4,0,900,100,0.0,0.0
swv_20x10,swv,20x10,5,6,17,900,100,0.01888888888888889,0.17
swv_20x10,swv,20x10,5,7,22,900,100,0.024444444444444446,0.22
swv_20x10,swv,20x10,5,8,22,900,100,0.024444444444444446,0.22
swv_20x10,swv,20x10,5,9,19,900,100,0.021111111111111112,0.19
swv_20x10,swv,20x10,6,0,0,900,100,0.0,0.0
swv_20x10,swv,20x10,6,1,0,900,100,0.0,0.0
swv_20x10,swv,20x10,6,2,0,900,100,0.0,0.0
swv_20x10,swv,20x10,6,3,0,900,100,0.0,0.0
swv_20x10,swv,20x10,6,4,0,900,100,0.0,0.0
swv_20x10,swv,20x10,6,5,18,900,100,0.02,0.18
swv_20x10,swv,20x10,6,7,14,900,100,0.015555555555555555,0.14
swv_20x10,swv,20x10,6,8,25,900,100,0.027777777777777776,0.25
swv_20x10,swv,20x10,6,9,23,900,100,0.025555555555555557,0.23
swv_20x10,swv,20x10,7,0,0,900,100,0.0,0.0
swv_20x10,swv,20x10,7,1,0,900,100,0.0,0.0
swv_20x10,swv,20x10,7,2,0,900,100,0.0,0.0
swv_20x10,swv,20x10,7,3,0,900,100,0.0,0.0
swv_20x10,swv,20x10,7,4,0,900,100,0.0,0.0
swv_20x10,swv,20x10,7,5,20,900,100,0.022222222222222223,0.2
swv_20x10,swv,20x10,7,6,25,900,100,0.027777777777777776,0.25
swv_20x10,swv,20x10,7,8,14,900,100,0.015555555555555555,0.14
swv_20x10,swv,20x10,7,9,23,900,100,0.025555555555555557,0.23
swv_20x10,swv,20x10,8,0,0,900,100,0.0,0.0
swv_20x10,swv,20x10,8,1,0,900,100,0.0,0.0
swv_20x10,swv,20x10,8,2,0,900,100,0.0,0.0
swv_20x10,swv,20x10,8,3,0,900,100,0.0,0.0
swv_20x10,swv,20x10,8,4,0,900,100,0.0,0.0
swv_20x10,swv,20x10,8,5,22,900,100,0.024444444444444446,0.22
swv_20x10,swv,20x10,8,6,19,900,100,0.021111111111111112,0.19
swv_20x10,swv,20x10,8,7,21,900,100,0.023333333333333334,0.21
swv_20x10,swv,20x10,8,9,18,900,100,0.02,0.18
swv_20x10,swv,20x10,9,0,0,900,100,0.0,0.0
swv_20x10,swv,20x10,9,1,0,900,100,0.0,0.0
swv_20x10,swv,20x10,9,2,0,900,100,0.0,0.0
swv_20x10,swv,20x10,9,3,0,900,100,0.0,0.0
swv_20x10,swv,20x10,9,4,0,900,100,0.0,0.0
swv_20x10,swv,20x10,9,5,16,900,100,0.017777777777777778,0.16
swv_20x10,swv,20x10,9,6,27,900,100,0.03,0.27
swv_20x10,swv,20x10,9,7,18,900,100,0.02,0.18
swv_20x10,swv,20x10,9,8,17,900,100,0.01888888888888889,0.17
swv_20x15,swv,20x15,0,1,17,1400,100,0.012142857142857143,0.17
swv_20x15,swv,20x15,0,2,13,1400,100,0.009285714285714286,0.13
swv_20x15,swv,20x15,0,3,16,1400,100,0.011428571428571429,0.16
swv_20x15,swv,20x15,0,4,11,1400,100,0.007857142857142858,0.11
swv_20x15,swv,20x15,0,5,16,1400,100,0.011428571428571429,0.16
swv_20x15,swv,20x15,0,6,14,1400,100,0.01,0.14
swv_20x15,swv,20x15,0,7,1,1400,100,0.0007142857142857143,0.01
swv_20x15,swv,20x15,0,8,3,1400,100,0.002142857142857143,0.03
swv_20x15,swv,20x15,0,9,2,1400,100,0.0014285714285714286,0.02
swv_20x15,swv,20x15,0,10,2,1400,100,0.0014285714285714286,0.02
swv_20x15,swv,20x15,0,11,1,1400,100,0.0007142857142857143,0.01
swv_20x15,swv,20x15,0,12,1,1400,100,0.0007142857142857143,0.01
swv_20x15,swv,20x15,0,13,2,1400,100,0.0014285714285714286,0.02
swv_20x15,swv,20x15,0,14,1,1400,100,0.0007142857142857143,0.01
swv_20x15,swv,20x15,1,0,15,1400,100,0.010714285714285714,0.15
swv_20x15,swv,20x15,1,2,13,1400,100,0.009285714285714286,0.13
swv_20x15,swv,20x15,1,3,15,1400,100,0.010714285714285714,0.15
swv_20x15,swv,20x15,1,4,15,1400,100,0.010714285714285714,0.15
swv_20x15,swv,20x15,1,5,18,1400,100,0.012857142857142857,0.18
swv_20x15,swv,20x15,1,6,10,1400,100,0.007142857142857143,0.1
swv_20x15,swv,20x15,1,7,1,1400,100,0.0007142857142857143,0.01
swv_20x15,swv,20x15,1,8,3,1400,100,0.002142857142857143,0.03
swv_20x15,swv,20x15,1,9,2,1400,100,0.0014285714285714286,0.02
swv_20x15,swv,20x15,1,10,2,1400,100,0.0014285714285714286,0.02
swv_20x15,swv,20x15,1,11,1,1400,100,0.0007142857142857143,0.01
swv_20x15,swv,20x15,1,12,2,1400,100,0.0014285714285714286,0.02
swv_20x15,swv,20x15,1,13,2,1400,100,0.0014285714285714286,0.02
swv_20x15,swv,20x15,1,14,1,1400,100,0.0007142857142857143,0.01
swv_20x15,swv,20x15,2,0,23,1400,100,0.016428571428571428,0.23
swv_20x15,swv,20x15,2,1,13,1400,100,0.009285714285714286,0.13
swv_20x15,swv,20x15,2,3,12,1400,100,0.008571428571428572,0.12
swv_20x15,swv,20x15,2,4,13,1400,100,0.009285714285714286,0.13
swv_20x15,swv,20x15,2,5,10,1400,100,0.007142857142857143,0.1
swv_20x15,swv,20x15,2,6,16,1400,100,0.011428571428571429,0.16
swv_20x15,swv,20x15,2,7,3,1400,100,0.002142857142857143,0.03
swv_20x15,swv,20x15,2,8,2,1400,100,0.0014285714285714286,0.02
swv_20x15,swv,20x15,2,9,2,1400,100,0.0014285714285714286,0.02
swv_20x15,swv,20x15,2,10,1,1400,100,0.0007142857142857143,0.01
swv_20x15,swv,20x15,2,11,0,1400,100,0.0,0.0
swv_20x15,swv,20x15,2,12,2,1400,100,0.0014285714285714286,0.02
swv_20x15,swv,20x15,2,13,0,1400,100,0.0,0.0
swv_20x15,swv,20x15,2,14,3,1400,100,0.002142857142857143,0.03
swv_20x15,swv,20x15,3,0,13,1400,100,0.009285714285714286,0.13
swv_20x15,swv,20x15,3,1,13,1400,100,0.009285714285714286,0.13
swv_20x15,swv,20x15,3,2,12,1400,100,0.008571428571428572,0.12
swv_20x15,swv,20x15,3,4,20,1400,100,0.014285714285714285,0.2
swv_20x15,swv,20x15,3,5,12,1400,100,0.008571428571428572,0.12
swv_20x15,swv,20x15,3,6,16,1400,100,0.011428571428571429,0.16
swv_20x15,swv,20x15,3,7,1,1400,100,0.0007142857142857143,0.01
swv_20x15,swv,20x15,3,8,1,1400,100,0.0007142857142857143,0.01
swv_20x15,swv,20x15,3,9,3,1400,100,0.002142857142857143,0.03
swv_20x15,swv,20x15,3,10,4,1400,100,0.002857142857142857,0.04
swv_20x15,swv,20x15,3,11,0,1400,100,0.0,0.0
swv_20x15,swv,20x15,3,12,0,1400,100,0.0,0.0
swv_20x15,swv,20x15,3,13,2,1400,100,0.0014285714285714286,0.02
swv_20x15,swv,20x15,3,14,3,1400,100,0.002142857142857143,0.03
swv_20x15,swv,20x15,4,0,7,1400,100,0.005,0.07
swv_20x15,swv,20x15,4,1,16,1400,100,0.011428571428571429,0.16
swv_20x15,swv,20x15,4,2,18,1400,100,0.012857142857142857,0.18
swv_20x15,swv,20x15,4,3,12,1400,100,0.008571428571428572,0.12
swv_20x15,swv,20x15,4,5,17,1400,100,0.012142857142857143,0.17
swv_20x15,swv,20x15,4,6,10,1400,100,0.007142857142857143,0.1
swv_20x15,swv,20x15,4,7,4,1400,100,0.002857142857142857,0.04
swv_20x15,swv,20x15,4,8,4,1400,100,0.002857142857142857,0.04
swv_20x15,swv,20x15,4,9,2,1400,100,0.0014285714285714286,0.02
swv_20x15,swv,20x15,4,10,1,1400,100,0.0007142857142857143,0.01
swv_20x15,swv,20x15,4,11,1,1400,100,0.0007142857142857143,0.01
swv_20x15,swv,20x15,4,12,2,1400,100,0.0014285714285714286,0.02
swv_20x15,swv,20x15,4,13,3,1400,100,0.002142857142857143,0.03
swv_20x15,swv,20x15,4,14,3,1400,100,0.002142857142857143,0.03
swv_20x15,swv,20x15,5,0,15,1400,100,0.010714285714285714,0.15
swv_20x15,swv,20x15,5,1,12,1400,100,0.008571428571428572,0.12
swv_20x15,swv,20x15,5,2,15,1400,100,0.010714285714285714,0.15
swv_20x15,swv,20x15,5,3,16,1400,100,0.011428571428571429,0.16
swv_20x15,swv,20x15,5,4,10,1400,100,0.007142857142857143,0.1
swv_20x15,swv,20x15,5,6,14,1400,100,0.01,0.14
swv_20x15,swv,20x15,5,7,3,1400,100,0.002142857142857143,0.03
swv_20x15,swv,20x15,5,8,2,1400,100,0.0014285714285714286,0.02
swv_20x15,swv,20x15,5,9,0,1400,100,0.0,0.0
swv_20x15,swv,20x15,5,10,2,1400,100,0.0014285714285714286,0.02
swv_20x15,swv,20x15,5,11,2,1400,100,0.0014285714285714286,0.02
swv_20x15,swv,20x15,5,12,2,1400,100,0.0014285714285714286,0.02
swv_20x15,swv,20x15,5,13,3,1400,100,0.002142857142857143,0.03
swv_20x15,swv,20x15,5,14,4,1400,100,0.002857142857142857,0.04
swv_20x15,swv,20x15,6,0,14,1400,100,0.01,0.14
swv_20x15,swv,20x15,6,1,17,1400,100,0.012142857142857143,0.17
swv_20x15,swv,20x15,6,2,14,1400,100,0.01,0.14
swv_20x15,swv,20x15,6,3,14,1400,100,0.01,0.14
swv_20x15,swv,20x15,6,4,18,1400,100,0.012857142857142857,0.18
swv_20x15,swv,20x15,6,5,15,1400,100,0.010714285714285714,0.15
swv_20x15,swv,20x15,6,7,0,1400,100,0.0,0.0
swv_20x15,swv,20x15,6,8,0,1400,100,0.0,0.0
swv_20x15,swv,20x15,6,9,3,1400,100,0.002142857142857143,0.03
swv_20x15,swv,20x15,6,10,1,1400,100,0.0007142857142857143,0.01
swv_20x15,swv,20x15,6,11,0,1400,100,0.0,0.0
swv_20x15,swv,20x15,6,12,1,1400,100,0.0007142857142857143,0.01
swv_20x15,swv,20x15,6,13,1,1400,100,0.0007142857142857143,0.01
swv_20x15,swv,20x15,6,14,2,1400,100,0.0014285714285714286,0.02
swv_20x15,swv,20x15,7,0,0,1400,100,0.0,0.0
swv_20x15,swv,20x15,7,1,0,1400,100,0.0,0.0
swv_20x15,swv,20x15,7,2,0,1400,100,0.0,0.0
swv_20x15,swv,20x15,7,3,0,1400,100,0.0,0.0
swv_20x15,swv,20x15,7,4,0,1400,100,0.0,0.0
swv_20x15,swv,20x15,7,5,0,1400,100,0.0,0.0
swv_20x15,swv,20x15,7,6,0,1400,100,0.0,0.0
swv_20x15,swv,20x15,7,8,11,1400,100,0.007857142857142858,0.11
swv_20x15,swv,20x15,7,9,14,1400,100,0.01,0.14
swv_20x15,swv,20x15,7,10,9,1400,100,0.0064285714285714285,0.09
swv_20x15,swv,20x15,7,11,12,1400,100,0.008571428571428572,0.12
swv_20x15,swv,20x15,7,12,13,1400,100,0.009285714285714286,0.13
swv_20x15,swv,20x15,7,13,12,1400,100,0.008571428571428572,0.12
swv_20x15,swv,20x15,7,14,15,1400,100,0.010714285714285714,0.15
swv_20x15,swv,20x15,8,0,0,1400,100,0.0,0.0
swv_20x15,swv,20x15,8,1,0,1400,100,0.0,0.0
swv_20x15,swv,20x15,8,2,0,1400,100,0.0,0.0
swv_20x15,swv,20x15,8,3,0,1400,100,0.0,0.0
swv_20x15,swv,20x15,8,4,0,1400,100,0.0,0.0
swv_20x15,swv,20x15,8,5,0,1400,100,0.0,0.0
swv_20x15,swv,20x15,8,6,0,1400,100,0.0,0.0
swv_20x15,swv,20x15,8,7,12,1400,100,0.008571428571428572,0.12
swv_20x15,swv,20x15,8,9,14,1400,100,0.01,0.14
swv_20x15,swv,20x15,8,10,9,1400,100,0.0064285714285714285,0.09
swv_20x15,swv,20x15,8,11,12,1400,100,0.008571428571428572,0.12
swv_20x15,swv,20x15,8,12,16,1400,100,0.011428571428571429,0.16
swv_20x15,swv,20x15,8,13,10,1400,100,0.007142857142857143,0.1
swv_20x15,swv,20x15,8,14,17,1400,100,0.012142857142857143,0.17
swv_20x15,swv,20x15,9,0,0,1400,100,0.0,0.0
swv_20x15,swv,20x15,9,1,0,1400,100,0.0,0.0
swv_20x15,swv,20x15,9,2,0,1400,100,0.0,0.0
swv_20x15,swv,20x15,9,3,0,1400,100,0.0,0.0
swv_20x15,swv,20x15,9,4,0,1400,100,0.0,0.0
swv_20x15,swv,20x15,9,5,0,1400,100,0.0,0.0
swv_20x15,swv,20x15,9,6,0,1400,100,0.0,0.0
swv_20x15,swv,20x15,9,7,15,1400,100,0.010714285714285714,0.15
swv_20x15,swv,20x15,9,8,14,1400,100,0.01,0.14
swv_20x15,swv,20x15,9,10,11,1400,100,0.007857142857142858,0.11
swv_20x15,swv,20x15,9,11,16,1400,100,0.011428571428571429,0.16
swv_20x15,swv,20x15,9,12,12,1400,100,0.008571428571428572,0.12
swv_20x15,swv,20x15,9,13,10,1400,100,0.007142857142857143,0.1
swv_20x15,swv,20x15,9,14,9,1400,100,0.0064285714285714285,0.09
swv_20x15,swv,20x15,10,0,0,1400,100,0.0,0.0
swv_20x15,swv,20x15,10,1,0,1400,100,0.0,0.0
swv_20x15,swv,20x15,10,2,0,1400,100,0.0,0.0
swv_20x15,swv,20x15,10,3,0,1400,100,0.0,0.0
swv_20x15,swv,20x15,10,4,0,1400,100,0.0,0.0
swv_20x15,swv,20x15,10,5,0,1400,100,0.0,0.0
swv_20x15,swv,20x15,10,6,0,1400,100,0.0,0.0
swv_20x15,swv,20x15,10,7,11,1400,100,0.007857142857142858,0.11
swv_20x15,swv,20x15,10,8,15,1400,100,0.010714285714285714,0.15
swv_20x15,swv,20x15,10,9,9,1400,100,0.0064285714285714285,0.09
swv_20x15,swv,20x15,10,11,16,1400,100,0.011428571428571429,0.16
swv_20x15,swv,20x15,10,12,10,1400,100,0.007142857142857143,0.1
swv_20x15,swv,20x15,10,13,21,1400,100,0.015,0.21
swv_20x15,swv,20x15,10,14,5,1400,100,0.0035714285714285713,0.05
swv_20x15,swv,20x15,11,0,0,1400,100,0.0,0.0
swv_20x15,swv,20x15,11,1,0,1400,100,0.0,0.0
swv_20x15,swv,20x15,11,2,0,1400,100,0.0,0.0
swv_20x15,swv,20x15,11,3,0,1400,100,0.0,0.0
swv_20x15,swv,20x15,11,4,0,1400,100,0.0,0.0
swv_20x15,swv,20x15,11,5,0,1400,100,0.0,0.0
swv_20x15,swv,20x15,11,6,0,1400,100,0.0,0.0
swv_20x15,swv,20x15,11,7,15,1400,100,0.010714285714285714,0.15
swv_20x15,swv,20x15,11,8,16,1400,100,0.011428571428571429,0.16
swv_20x15,swv,20x15,11,9,8,1400,100,0.005714285714285714,0.08
swv_20x15,swv,20x15,11,10,16,1400,100,0.011428571428571429,0.16
swv_20x15,swv,20x15,11,12,11,1400,100,0.007857142857142858,0.11
swv_20x15,swv,20x15,11,13,9,1400,100,0.0064285714285714285,0.09
swv_20x15,swv,20x15,11,14,10,1400,100,0.007142857142857143,0.1
swv_20x15,swv,20x15,12,0,0,1400,100,0.0,0.0
swv_20x15,swv,20x15,12,1,0,1400,100,0.0,0.0
swv_20x15,swv,20x15,12,2,0,1400,100,0.0,0.0
swv_20x15,swv,20x15,12,3,0,1400,100,0.0,0.0
swv_20x15,swv,20x15,12,4,0,1400,100,0.0,0.0
swv_20x15,swv,20x15,12,5,0,1400,100,0.0,0.0
swv_20x15,swv,20x15,12,6,0,1400,100,0.0,0.0
swv_20x15,swv,20x15,12,7,14,1400,100,0.01,0.14
swv_20x15,swv,20x15,12,8,14,1400,100,0.01,0.14
swv_20x15,swv,20x15,12,9,11,1400,100,0.007857142857142858,0.11
swv_20x15,swv,20x15,12,10,10,1400,100,0.007142857142857143,0.1
swv_20x15,swv,20x15,12,11,10,1400,100,0.007142857142857143,0.1
swv_20x15,swv,20x15,12,13,11,1400,100,0.007857142857142858,0.11
swv_20x15,swv,20x15,12,14,17,1400,100,0.012142857142857143,0.17
swv_20x15,swv,20x15,13,0,0,1400,100,0.0,0.0
swv_20x15,swv,20x15,13,1,0,1400,100,0.0,0.0
swv_20x15,swv,20x15,13,2,0,1400,100,0.0,0.0
swv_20x15,swv,20x15,13,3,0,1400,100,0.0,0.0
swv_20x15,swv,20x15,13,4,0,1400,100,0.0,0.0
swv_20x15,swv,20x15,13,5,0,1400,100,0.0,0.0
swv_20x15,swv,20x15,13,6,0,1400,100,0.0,0.0
swv_20x15,swv,20x15,13,7,9,1400,100,0.0064285714285714285,0.09
swv_20x15,swv,20x15,13,8,5,1400,100,0.0035714285714285713,0.05
swv_20x15,swv,20x15,13,9,18,1400,100,0.012857142857142857,0.18
swv_20x15,swv,20x15,13,10,19,1400,100,0.013571428571428571,0.19
swv_20x15,swv,20x15,13,11,15,1400,100,0.010714285714285714,0.15
swv_20x15,swv,20x15,13,12,14,1400,100,0.01,0.14
swv_20x15,swv,20x15,13,14,10,1400,100,0.007142857142857143,0.1
swv_20x15,swv,20x15,14,0,0,1400,100,0.0,0.0
swv_20x15,swv,20x15,14,1,0,1400,100,0.0,0.0
swv_20x15,swv,20x15,14,2,0,1400,100,0.0,0.0
swv_20x15,swv,20x15,14,3,0,1400,100,0.0,0.0
swv_20x15,swv,20x15,14,4,0,1400,100,0.0,0.0
swv_20x15,swv,20x15,14,5,0,1400,100,0.0,0.0
swv_20x15,swv,20x15,14,6,0,1400,100,0.0,0.0
swv_20x15,swv,20x15,14,7,11,1400,100,0.007857142857142858,0.11
swv_20x15,swv,20x15,14,8,10,1400,100,0.007142857142857143,0.1
swv_20x15,swv,20x15,14,9,12,1400,100,0.008571428571428572,0.12
swv_20x15,swv,20x15,14,10,13,1400,100,0.009285714285714286,0.13
swv_20x15,swv,20x15,14,11,14,1400,100,0.01,0.14
swv_20x15,swv,20x15,14,12,14,1400,100,0.01,0.14
swv_20x15,swv,20x15,14,13,14,1400,100,0.01,0.14
swv_50x10,swv,50x10,0,1,76,4500,500,0.016888888888888887,0.152
swv_50x10,swv,50x10,0,2,83,4500,500,0.018444444444444444,0.166
swv_50x10,swv,50x10,0,3,91,4500,500,0.02022222222222222,0.182
swv_50x10,swv,50x10,0,4,77,4500,500,0.01711111111111111,0.154
swv_50x10,swv,50x10,0,5,20,4500,500,0.0044444444444444444,0.04
swv_50x10,swv,50x10,0,6,24,4500,500,0.005333333333333333,0.048
swv_50x10,swv,50x10,0,7,30,4500,500,0.006666666666666667,0.06
swv_50x10,swv,50x10,0,8,35,4500,500,0.0077777777777777776,0.07
swv_50x10,swv,50x10,0,9,36,4500,500,0.008,0.072
swv_50x10,swv,50x10,1,0,81,4500,500,0.018,0.162
swv_50x10,swv,50x10,1,2,74,4500,500,0.016444444444444446,0.148
swv_50x10,swv,50x10,1,3,61,4500,500,0.013555555555555555,0.122
swv_50x10,swv,50x10,1,4,70,4500,500,0.015555555555555555,0.14
swv_50x10,swv,50x10,1,5,40,4500,500,0.008888888888888889,0.08
swv_50x10,swv,50x10,1,6,34,4500,500,0.007555555555555556,0.068
swv_50x10,swv,50x10,1,7,45,4500,500,0.01,0.09
swv_50x10,swv,50x10,1,8,35,4500,500,0.0077777777777777776,0.07
swv_50x10,swv,50x10,1,9,38,4500,500,0.008444444444444444,0.076
swv_50x10,swv,50x10,2,0,77,4500,500,0.01711111111111111,0.154
swv_50x10,swv,50x10,2,1,91,4500,500,0.02022222222222222,0.182
swv_50x10,swv,50x10,2,3,70,4500,500,0.015555555555555555,0.14
swv_50x10,swv,50x10,2,4,59,4500,500,0.013111111111111112,0.118
swv_50x10,swv,50x10,2,5,40,4500,500,0.008888888888888889,0.08
swv_50x10,swv,50x10,2,6,35,4500,500,0.0077777777777777776,0.07
swv_50x10,swv,50x10,2,7,28,4500,500,0.006222222222222222,0.056
swv_50x10,swv,50x10,2,8,33,4500,500,0.007333333333333333,0.066
swv_50x10,swv,50x10,2,9,43,4500,500,0.009555555555555555,0.086
swv_50x10,swv,50x10,3,0,66,4500,500,0.014666666666666666,0.132
swv_50x10,swv,50x10,3,1,79,4500,500,0.017555555555555557,0.158
swv_50x10,swv,50x10,3,2,92,4500,500,0.020444444444444446,0.184
swv_50x10,swv,50x10,3,4,67,4500,500,0.014888888888888889,0.134
swv_50x10,swv,50x10,3,5,33,4500,500,0.007333333333333333,0.066
swv_50x10,swv,50x10,3,6,38,4500,500,0.008444444444444444,0.076
swv_50x10,swv,50x10,3,7,33,4500,500,0.007333333333333333,0.066
swv_50x10,swv,50x10,3,8,40,4500,500,0.008888888888888889,0.08
swv_50x10,swv,50x10,3,9,28,4500,500,0.006222222222222222,0.056
swv_50x10,swv,50x10,4,0,67,4500,500,0.014888888888888889,0.134
swv_50x10,swv,50x10,4,1,76,4500,500,0.016888888888888887,0.152
swv_50x10,swv,50x10,4,2,68,4500,500,0.015111111111111112,0.136
swv_50x10,swv,50x10,4,3,83,4500,500,0.018444444444444444,0.166
swv_50x10,swv,50x10,4,5,27,4500,500,0.006,0.054
swv_50x10,swv,50x10,4,6,37,4500,500,0.008222222222222223,0.074
swv_50x10,swv,50x10,4,7,37,4500,500,0.008222222222222223,0.074
swv_50x10,swv,50x10,4,8,44,4500,500,0.009777777777777778,0.088
swv_50x10,swv,50x10,4,9,31,4500,500,0.006888888888888889,0.062
swv_50x10,swv,50x10,5,0,31,4500,500,0.006888888888888889,0.062
swv_50x10,swv,50x10,5,1,22,4500,500,0.004888888888888889,0.044
swv_50x10,swv,50x10,5,2,16,4500,500,0.0035555555555555557,0.032
swv_50x10,swv,50x10,5,3,20,4500,500,0.0044444444444444444,0.04
swv_50x10,swv,50x10,5,4,33,4500,500,0.007333333333333333,0.066
swv_50x10,swv,50x10,5,6,77,4500,500,0.01711111111111111,0.154
swv_50x10,swv,50x10,5,7,82,4500,500,0.018222222222222223,0.164
swv_50x10,swv,50x10,5,8,86,4500,500,0.01911111111111111,0.172
swv_50x10,swv,50x10,5,9,69,4500,500,0.015333333333333332,0.138
swv_50x10,swv,50x10,6,0,22,4500,500,0.004888888888888889,0.044
swv_50x10,swv,50x10,6,1,25,4500,500,0.005555555555555556,0.05
swv_50x10,swv,50x10,6,2,26,4500,500,0.0057777777777777775,0.052
swv_50x10,swv,50x10,6,3,26,4500,500,0.0057777777777777775,0.052
swv_50x10,swv,50x10,6,4,22,4500,500,0.004888888888888889,0.044
swv_50x10,swv,50x10,6,5,78,4500,500,0.017333333333333333,0.156
swv_50x10,swv,50x10,6,7,71,4500,500,0.01577777777777778,0.142
swv_50x10,swv,50x10,6,8,75,4500,500,0.016666666666666666,0.15
swv_50x10,swv,50x10,6,9,73,4500,500,0.01622222222222222,0.146
swv_50x10,swv,50x10,7,0,31,4500,500,0.006888888888888889,0.062
swv_50x10,swv,50x10,7,1,23,4500,500,0.005111111111111111,0.046
swv_50x10,swv,50x10,7,2,23,4500,500,0.005111111111111111,0.046
swv_50x10,swv,50x10,7,3,28,4500,500,0.006222222222222222,0.056
swv_50x10,swv,50x10,7,4,26,4500,500,0.0057777777777777775,0.052
swv_50x10,swv,50x10,7,5,81,4500,500,0.018,0.162
swv_50x10,swv,50x10,7,6,82,4500,500,0.018222222222222223,0.164
swv_50x10,swv,50x10,7,8,69,4500,500,0.015333333333333332,0.138
swv_50x10,swv,50x10,7,9,72,4500,500,0.016,0.144
swv_50x10,swv,50x10,8,0,26,4500,500,0.0057777777777777775,0.052
swv_50x10,swv,50x10,8,1,21,4500,500,0.004666666666666667,0.042
swv_50x10,swv,50x10,8,2,22,4500,500,0.004888888888888889,0.044
swv_50x10,swv,50x10,8,3,16,4500,500,0.0035555555555555557,0.032
swv_50x10,swv,50x10,8,4,33,4500,500,0.007333333333333333,0.066
swv_50x10,swv,50x10,8,5,75,4500,500,0.016666666666666666,0.15
swv_50x10,swv,50x10,8,6,81,4500,500,0.018,0.162
swv_50x10,swv,50x10,8,7,64,4500,500,0.014222222222222223,0.128
swv_50x10,swv,50x10,8,9,78,4500,500,0.017333333333333333,0.156
swv_50x10,swv,50x10,9,0,27,4500,500,0.006,0.054
swv_50x10,swv,50x10,9,1,19,4500,500,0.004222222222222222,0.038
swv_50x10,swv,50x10,9,2,22,4500,500,0.004888888888888889,0.044
swv_50x10,swv,50x10,9,3,31,4500,500,0.006888888888888889,0.062
swv_50x10,swv,50x10,9,4,32,4500,500,0.0071111111111111115,0.064
swv_50x10,swv,50x10,9,5,81,4500,500,0.018,0.162
swv_50x10,swv,50x10,9,6,66,4500,500,0.014666666666666666,0.132
swv_50x10,swv,50x10,9,7,81,4500,500,0.018,0.162
swv_50x10,swv,50x10,9,8,64,4500,500,0.014222222222222223,0.128
ta_100x20,ta,100x20,0,1,50,19000,1000,0.002631578947368421,0.05
ta_100x20,ta,100x20,0,2,44,19000,1000,0.0023157894736842107,0.044
ta_100x20,ta,100x20,0,3,50,19000,1000,0.002631578947368421,0.05
ta_100x20,ta,100x20,0,4,59,19000,1000,0.003105263157894737,0.059
ta_100x20,ta,100x20,0,5,56,19000,1000,0.0029473684210526317,0.056
ta_100x20,ta,100x20,0,6,52,19000,1000,0.0027368421052631577,0.052
ta_100x20,ta,100x20,0,7,49,19000,1000,0.0025789473684210526,0.049
ta_100x20,ta,100x20,0,8,53,19000,1000,0.002789473684210526,0.053
ta_100x20,ta,100x20,0,9,45,19000,1000,0.002368421052631579,0.045
ta_100x20,ta,100x20,0,10,54,19000,1000,0.002842105263157895,0.054
ta_100x20,ta,100x20,0,11,52,19000,1000,0.0027368421052631577,0.052
ta_100x20,ta,100x20,0,12,53,19000,1000,0.002789473684210526,0.053
ta_100x20,ta,100x20,0,13,40,19000,1000,0.002105263157894737,0.04
ta_100x20,ta,100x20,0,14,59,19000,1000,0.003105263157894737,0.059
ta_100x20,ta,100x20,0,15,47,19000,1000,0.002473684210526316,0.047
ta_100x20,ta,100x20,0,16,51,19000,1000,0.0026842105263157894,0.051
ta_100x20,ta,100x20,0,17,52,19000,1000,0.0027368421052631577,0.052
ta_100x20,ta,100x20,0,18,48,19000,1000,0.0025263157894736842,0.048
ta_100x20,ta,100x20,0,19,40,19000,1000,0.002105263157894737,0.04
ta_100x20,ta,100x20,1,0,53,19000,1000,0.002789473684210526,0.053
ta_100x20,ta,100x20,1,2,50,19000,1000,0.002631578947368421,0.05
ta_100x20,ta,100x20,1,3,67,19000,1000,0.0035263157894736843,0.067
ta_100x20,ta,100x20,1,4,52,19000,1000,0.0027368421052631577,0.052
ta_100x20,ta,100x20,1,5,43,19000,1000,0.002263157894736842,0.043
ta_100x20,ta,100x20,1,6,57,19000,1000,0.003,0.057
ta_100x20,ta,100x20,1,7,60,19000,1000,0.003157894736842105,0.06
ta_100x20,ta,100x20,1,8,41,19000,1000,0.002157894736842105,0.041
ta_100x20,ta,100x20,1,9,47,19000,1000,0.002473684210526316,0.047
ta_100x20,ta,100x20,1,10,59,19000,1000,0.003105263157894737,0.059
ta_100x20,ta,100x20,1,11,43,19000,1000,0.002263157894736842,0.043
ta_100x20,ta,100x20,1,12,45,19000,1000,0.002368421052631579,0.045
ta_100x20,ta,100x20,1,13,49,19000,1000,0.0025789473684210526,0.049
ta_100x20,ta,100x20,1,14,56,19000,1000,0.0029473684210526317,0.056
ta_100x20,ta,100x20,1,15,39,19000,1000,0.0020526315789473684,0.039
ta_100x20,ta,100x20,1,16,43,19000,1000,0.002263157894736842,0.043
ta_100x20,ta,100x20,1,17,60,19000,1000,0.003157894736842105,0.06
ta_100x20,ta,100x20,1,18,44,19000,1000,0.0023157894736842107,0.044
ta_100x20,ta,100x20,1,19,42,19000,1000,0.0022105263157894735,0.042
ta_100x20,ta,100x20,2,0,52,19000,1000,0.0027368421052631577,0.052
ta_100x20,ta,100x20,2,1,54,19000,1000,0.002842105263157895,0.054
ta_100x20,ta,100x20,2,3,61,19000,1000,0.0032105263157894736,0.061
ta_100x20,ta,100x20,2,4,36,19000,1000,0.001894736842105263,0.036
ta_100x20,ta,100x20,2,5,53,19000,1000,0.002789473684210526,0.053
ta_100x20,ta,100x20,2,6,44,19000,1000,0.0023157894736842107,0.044
ta_100x20,ta,100x20,2,7,52,19000,1000,0.0027368421052631577,0.052
ta_100x20,ta,100x20,2,8,52,19000,1000,0.0027368421052631577,0.052
ta_100x20,ta,100x20,2,9,36,19000,1000,0.001894736842105263,0.036
ta_100x20,ta,100x20,2,10,52,19000,1000,0.0027368421052631577,0.052
ta_100x20,ta,100x20,2,11,51,19000,1000,0.0026842105263157894,0.051
ta_100x20,ta,100x20,2,12,49,19000,1000,0.0025789473684210526,0.049
ta_100x20,ta,100x20,2,13,47,19000,1000,0.002473684210526316,0.047
ta_100x20,ta,100x20,2,14,56,19000,1000,0.0029473684210526317,0.056
ta_100x20,ta,100x20,2,15,64,19000,1000,0.003368421052631579,0.064
ta_100x20,ta,100x20,2,16,40,19000,1000,0.002105263157894737,0.04
ta_100x20,ta,100x20,2,17,40,19000,1000,0.002105263157894737,0.04
ta_100x20,ta,100x20,2,18,53,19000,1000,0.002789473684210526,0.053
ta_100x20,ta,100x20,2,19,58,19000,1000,0.0030526315789473684,0.058
ta_100x20,ta,100x20,3,0,51,19000,1000,0.0026842105263157894,0.051
ta_100x20,ta,100x20,3,1,52,19000,1000,0.0027368421052631577,0.052
ta_100x20,ta,100x20,3,2,51,19000,1000,0.0026842105263157894,0.051
ta_100x20,ta,100x20,3,4,51,19000,1000,0.0026842105263157894,0.051
ta_100x20,ta,100x20,3,5,54,19000,1000,0.002842105263157895,0.054
ta_100x20,ta,100x20,3,6,43,19000,1000,0.002263157894736842,0.043
ta_100x20,ta,100x20,3,7,50,19000,1000,0.002631578947368421,0.05
ta_100x20,ta,100x20,3,8,49,19000,1000,0.0025789473684210526,0.049
ta_100x20,ta,100x20,3,9,52,19000,1000,0.0027368421052631577,0.052
ta_100x20,ta,100x20,3,10,47,19000,1000,0.002473684210526316,0.047
ta_100x20,ta,100x20,3,11,48,19000,1000,0.0025263157894736842,0.048
ta_100x20,ta,100x20,3,12,45,19000,1000,0.002368421052631579,0.045
ta_100x20,ta,100x20,3,13,47,19000,1000,0.002473684210526316,0.047
ta_100x20,ta,100x20,3,14,53,19000,1000,0.002789473684210526,0.053
ta_100x20,ta,100x20,3,15,64,19000,1000,0.003368421052631579,0.064
ta_100x20,ta,100x20,3,16,48,19000,1000,0.0025263157894736842,0.048
ta_100x20,ta,100x20,3,17,48,19000,1000,0.0025263157894736842,0.048
ta_100x20,ta,100x20,3,18,53,19000,1000,0.002789473684210526,0.053
ta_100x20,ta,100x20,3,19,45,19000,1000,0.002368421052631579,0.045
ta_100x20,ta,100x20,4,0,38,19000,1000,0.002,0.038
ta_100x20,ta,100x20,4,1,70,19000,1000,0.0036842105263157894,0.07
ta_100x20,ta,100x20,4,2,40,19000,1000,0.002105263157894737,0.04
ta_100x20,ta,100x20,4,3,43,19000,1000,0.002263157894736842,0.043
ta_100x20,ta,100x20,4,5,38,19000,1000,0.002,0.038
ta_100x20,ta,100x20,4,6,49,19000,1000,0.0025789473684210526,0.049
ta_100x20,ta,100x20,4,7,53,19000,1000,0.002789473684210526,0.053
ta_100x20,ta,100x20,4,8,57,19000,1000,0.003,0.057
ta_100x20,ta,100x20,4,9,47,19000,1000,0.002473684210526316,0.047
ta_100x20,ta,100x20,4,10,45,19000,1000,0.002368421052631579,0.045
ta_100x20,ta,100x20,4,11,57,19000,1000,0.003,0.057
ta_100x20,ta,100x20,4,12,38,19000,1000,0.002,0.038
ta_100x20,ta,100x20,4,13,57,19000,1000,0.003,0.057
ta_100x20,ta,100x20,4,14,42,19000,1000,0.0022105263157894735,0.042
ta_100x20,ta,100x20,4,15,57,19000,1000,0.003,0.057
ta_100x20,ta,100x20,4,16,64,19000,1000,0.003368421052631579,0.064
ta_100x20,ta,100x20,4,17,50,19000,1000,0.002631578947368421,0.05
ta_100x20,ta,100x20,4,18,48,19000,1000,0.0025263157894736842,0.048
ta_100x20,ta,100x20,4,19,59,19000,1000,0.003105263157894737,0.059
ta_100x20,ta,100x20,5,0,59,19000,1000,0.003105263157894737,0.059
ta_100x20,ta,100x20,5,1,45,19000,1000,0.002368421052631579,0.045
ta_100x20,ta,100x20,5,2,52,19000,1000,0.0027368421052631577,0.052
ta_100x20,ta,100x20,5,3,49,19000,1000,0.0025789473684210526,0.049
ta_100x20,ta,100x20,5,4,49,19000,1000,0.0025789473684210526,0.049
ta_100x20,ta,100x20,5,6,54,19000,1000,0.002842105263157895,0.054
ta_100x20,ta,100x20,5,7,40,19000,1000,0.002105263157894737,0.04
ta_100x20,ta,100x20,5,8,41,19000,1000,0.002157894736842105,0.041
ta_100x20,ta,100x20,5,9,58,19000,1000,0.0030526315789473684,0.058
ta_100x20,ta,100x20,5,10,54,19000,1000,0.002842105263157895,0.054
ta_100x20,ta,100x20,5,11,64,19000,1000,0.003368421052631579,0.064
ta_100x20,ta,100x20,5,12,49,19000,1000,0.0025789473684210526,0.049
ta_100x20,ta,100x20,5,13,43,19000,1000,0.002263157894736842,0.043
ta_100x20,ta,100x20,5,14,54,19000,1000,0.002842105263157895,0.054
ta_100x20,ta,100x20,5,15,39,19000,1000,0.0020526315789473684,0.039
ta_100x20,ta,100x20,5,16,52,19000,1000,0.0027368421052631577,0.052
ta_100x20,ta,100x20,5,17,41,19000,1000,0.002157894736842105,0.041
ta_100x20,ta,100x20,5,18,51,19000,1000,0.0026842105263157894,0.051
ta_100x20,ta,100x20,5,19,46,19000,1000,0.0024210526315789475,0.046
ta_100x20,ta,100x20,6,0,52,19000,1000,0.0027368421052631577,0.052
ta_100x20,ta,100x20,6,1,53,19000,1000,0.002789473684210526,0.053
ta_100x20,ta,100x20,6,2,49,19000,1000,0.0025789473684210526,0.049
ta_100x20,ta,100x20,6,3,45,19000,1000,0.002368421052631579,0.045
ta_100x20,ta,100x20,6,4,52,19000,1000,0.0027368421052631577,0.052
ta_100x20,ta,100x20,6,5,45,19000,1000,0.002368421052631579,0.045
ta_100x20,ta,100x20,6,7,42,19000,1000,0.0022105263157894735,0.042
ta_100x20,ta,100x20,6,8,56,19000,1000,0.0029473684210526317,0.056
ta_100x20,ta,100x20,6,9,52,19000,1000,0.0027368421052631577,0.052
ta_100x20,ta,100x20,6,10,51,19000,1000,0.0026842105263157894,0.051
ta_100x20,ta,100x20,6,11,54,19000,1000,0.002842105263157895,0.054
ta_100x20,ta,100x20,6,12,56,19000,1000,0.0029473684210526317,0.056
ta_100x20,ta,100x20,6,13,46,19000,1000,0.0024210526315789475,0.046
ta_100x20,ta,100x20,6,14,52,19000,1000,0.0027368421052631577,0.052
ta_100x20,ta,100x20,6,15,45,19000,1000,0.002368421052631579,0.045
ta_100x20,ta,100x20,6,16,45,19000,1000,0.002368421052631579,0.045
ta_100x20,ta,100x20,6,17,47,19000,1000,0.002473684210526316,0.047
ta_100x20,ta,100x20,6,18,54,19000,1000,0.002842105263157895,0.054
ta_100x20,ta,100x20,6,19,39,19000,1000,0.0020526315789473684,0.039
ta_100x20,ta,100x20,7,0,51,19000,1000,0.0026842105263157894,0.051
ta_100x20,ta,100x20,7,1,45,19000,1000,0.002368421052631579,0.045
ta_100x20,ta,100x20,7,2,45,19000,1000,0.002368421052631579,0.045
ta_100x20,ta,100x20,7,3,55,19000,1000,0.0028947368421052633,0.055
ta_100x20,ta,100x20,7,4,58,19000,1000,0.0030526315789473684,0.058
ta_100x20,ta,100x20,7,5,49,19000,1000,0.0025789473684210526,0.049
ta_100x20,ta,100x20,7,6,51,19000,1000,0.0026842105263157894,0.051
ta_100x20,ta,100x20,7,8,48,19000,1000,0.0025263157894736842,0.048
ta_100x20,ta,100x20,7,9,48,19000,1000,0.0025263157894736842,0.048
ta_100x20,ta,100x20,7,10,29,19000,1000,0.0015263157894736842,0.029
ta_100x20,ta,100x20,7,11,45,19000,1000,0.002368421052631579,0.045
ta_100x20,ta,100x20,7,12,55,19000,1000,0.0028947368421052633,0.055
ta_100x20,ta,100x20,7,13,53,19000,1000,0.002789473684210526,0.053
ta_100x20,ta,100x20,7,14,53,19000,1000,0.002789473684210526,0.053
ta_100x20,ta,100x20,7,15,71,19000,1000,0.0037368421052631578,0.071
ta_100x20,ta,100x20,7,16,60,19000,1000,0.003157894736842105,0.06
ta_100x20,ta,100x20,7,17,52,19000,1000,0.0027368421052631577,0.052
ta_100x20,ta,100x20,7,18,39,19000,1000,0.0020526315789473684,0.039
ta_100x20,ta,100x20,7,19,53,19000,1000,0.002789473684210526,0.053
ta_100x20,ta,100x20,8,0,42,19000,1000,0.0022105263157894735,0.042
ta_100x20,ta,100x20,8,1,43,19000,1000,0.002263157894736842,0.043
ta_100x20,ta,100x20,8,2,54,19000,1000,0.002842105263157895,0.054
ta_100x20,ta,100x20,8,3,44,19000,1000,0.0023157894736842107,0.044
ta_100x20,ta,100x20,8,4,46,19000,1000,0.0024210526315789475,0.046
ta_100x20,ta,100x20,8,5,50,19000,1000,0.002631578947368421,0.05
ta_100x20,ta,100x20,8,6,62,19000,1000,0.003263157894736842,0.062
ta_100x20,ta,100x20,8,7,41,19000,1000,0.002157894736842105,0.041
ta_100x20,ta,100x20,8,9,50,19000,1000,0.002631578947368421,0.05
ta_100x20,ta,100x20,8,10,53,19000,1000,0.002789473684210526,0.053
ta_100x20,ta,100x20,8,11,51,19000,1000,0.0026842105263157894,0.051
ta_100x20,ta,100x20,8,12,51,19000,1000,0.0026842105263157894,0.051
ta_100x20,ta,100x20,8,13,41,19000,1000,0.002157894736842105,0.041
ta_100x20,ta,100x20,8,14,62,19000,1000,0.003263157894736842,0.062
ta_100x20,ta,100x20,8,15,46,19000,1000,0.0024210526315789475,0.046
ta_100x20,ta,100x20,8,16,55,19000,1000,0.0028947368421052633,0.055
ta_100x20,ta,100x20,8,17,49,19000,1000,0.0025789473684210526,0.049
ta_100x20,ta,100x20,8,18,50,19000,1000,0.002631578947368421,0.05
ta_100x20,ta,100x20,8,19,64,19000,1000,0.003368421052631579,0.064
ta_100x20,ta,100x20,9,0,38,19000,1000,0.002,0.038
ta_100x20,ta,100x20,9,1,46,19000,1000,0.0024210526315789475,0.046
ta_100x20,ta,100x20,9,2,55,19000,1000,0.0028947368421052633,0.055
ta_100x20,ta,100x20,9,3,44,19000,1000,0.0023157894736842107,0.044
ta_100x20,ta,100x20,9,4,54,19000,1000,0.002842105263157895,0.054
ta_100x20,ta,100x20,9,5,45,19000,1000,0.002368421052631579,0.045
ta_100x20,ta,100x20,9,6,55,19000,1000,0.0028947368421052633,0.055
ta_100x20,ta,100x20,9,7,47,19000,1000,0.002473684210526316,0.047
ta_100x20,ta,100x20,9,8,58,19000,1000,0.0030526315789473684,0.058
ta_100x20,ta,100x20,9,10,62,19000,1000,0.003263157894736842,0.062
ta_100x20,ta,100x20,9,11,43,19000,1000,0.002263157894736842,0.043
ta_100x20,ta,100x20,9,12,48,19000,1000,0.0025263157894736842,0.048
ta_100x20,ta,100x20,9,13,53,19000,1000,0.002789473684210526,0.053
ta_100x20,ta,100x20,9,14,49,19000,1000,0.0025789473684210526,0.049
ta_100x20,ta,100x20,9,15,66,19000,1000,0.003473684210526316,0.066
ta_100x20,ta,100x20,9,16,40,19000,1000,0.002105263157894737,0.04
ta_100x20,ta,100x20,9,17,53,19000,1000,0.002789473684210526,0.053
ta_100x20,ta,100x20,9,18,47,19000,1000,0.002473684210526316,0.047
ta_100x20,ta,100x20,9,19,56,19000,1000,0.0029473684210526317,0.056
ta_100x20,ta,100x20,10,0,60,19000,1000,0.003157894736842105,0.06
ta_100x20,ta,100x20,10,1,53,19000,1000,0.002789473684210526,0.053
ta_100x20,ta,100x20,10,2,66,19000,1000,0.003473684210526316,0.066
ta_100x20,ta,100x20,10,3,61,19000,1000,0.0032105263157894736,0.061
ta_100x20,ta,100x20,10,4,55,19000,1000,0.0028947368421052633,0.055
ta_100x20,ta,100x20,10,5,57,19000,1000,0.003,0.057
ta_100x20,ta,100x20,10,6,47,19000,1000,0.002473684210526316,0.047
ta_100x20,ta,100x20,10,7,48,19000,1000,0.0025263157894736842,0.048
ta_100x20,ta,100x20,10,8,48,19000,1000,0.0025263157894736842,0.048
ta_100x20,ta,100x20,10,9,40,19000,1000,0.002105263157894737,0.04
ta_100x20,ta,100x20,10,11,44,19000,1000,0.0023157894736842107,0.044
ta_100x20,ta,100x20,10,12,43,19000,1000,0.002263157894736842,0.043
ta_100x20,ta,100x20,10,13,49,19000,1000,0.0025789473684210526,0.049
ta_100x20,ta,100x20,10,14,40,19000,1000,0.002105263157894737,0.04
ta_100x20,ta,100x20,10,15,60,19000,1000,0.003157894736842105,0.06
ta_100x20,ta,100x20,10,16,50,19000,1000,0.002631578947368421,0.05
ta_100x20,ta,100x20,10,17,51,19000,1000,0.0026842105263157894,0.051
ta_100x20,ta,100x20,10,18,27,19000,1000,0.0014210526315789475,0.027
ta_100x20,ta,100x20,10,19,52,19000,1000,0.0027368421052631577,0.052
ta_100x20,ta,100x20,11,0,54,19000,1000,0.002842105263157895,0.054
ta_100x20,ta,100x20,11,1,55,19000,1000,0.0028947368421052633,0.055
ta_100x20,ta,100x20,11,2,58,19000,1000,0.0030526315789473684,0.058
ta_100x20,ta,100x20,11,3,53,19000,1000,0.002789473684210526,0.053
ta_100x20,ta,100x20,11,4,46,19000,1000,0.0024210526315789475,0.046
ta_100x20,ta,100x20,11,5,41,19000,1000,0.002157894736842105,0.041
ta_100x20,ta,100x20,11,6,44,19000,1000,0.0023157894736842107,0.044
ta_100x20,ta,100x20,11,7,60,19000,1000,0.003157894736842105,0.06
ta_100x20,ta,100x20,11,8,53,19000,1000,0.002789473684210526,0.053
ta_100x20,ta,100x20,11,9,52,19000,1000,0.0027368421052631577,0.052
ta_100x20,ta,100x20,11,10,44,19000,1000,0.0023157894736842107,0.044
ta_100x20,ta,100x20,11,12,49,19000,1000,0.0025789473684210526,0.049
ta_100x20,ta,100x20,11,13,72,19000,1000,0.003789473684210526,0.072
ta_100x20,ta,100x20,11,14,46,19000,1000,0.0024210526315789475,0.046
ta_100x20,ta,100x20,11,15,41,19000,1000,0.002157894736842105,0.041
ta_100x20,ta,100x20,11,16,41,19000,1000,0.002157894736842105,0.041
ta_100x20,ta,100x20,11,17,50,19000,1000,0.002631578947368421,0.05
ta_100x20,ta,100x20,11,18,58,19000,1000,0.0030526315789473684,0.058
ta_100x20,ta,100x20,11,19,44,19000,1000,0.0023157894736842107,0.044
ta_100x20,ta,100x20,12,0,47,19000,1000,0.002473684210526316,0.047
ta_100x20,ta,100x20,12,1,56,19000,1000,0.0029473684210526317,0.056
ta_100x20,ta,100x20,12,2,38,19000,1000,0.002,0.038
ta_100x20,ta,100x20,12,3,53,19000,1000,0.002789473684210526,0.053
ta_100x20,ta,100x20,12,4,42,19000,1000,0.0022105263157894735,0.042
ta_100x20,ta,100x20,12,5,46,19000,1000,0.0024210526315789475,0.046
ta_100x20,ta,100x20,12,6,57,19000,1000,0.003,0.057
ta_100x20,ta,100x20,12,7,50,19000,1000,0.002631578947368421,0.05
ta_100x20,ta,100x20,12,8,33,19000,1000,0.001736842105263158,0.033
ta_100x20,ta,100x20,12,9,63,19000,1000,0.0033157894736842103,0.063
ta_100x20,ta,100x20,12,10,54,19000,1000,0.002842105263157895,0.054
ta_100x20,ta,100x20,12,11,57,19000,1000,0.003,0.057
ta_100x20,ta,100x20,12,13,41,19000,1000,0.002157894736842105,0.041
ta_100x20,ta,100x20,12,14,57,19000,1000,0.003,0.057
ta_100x20,ta,100x20,12,15,55,19000,1000,0.0028947368421052633,0.055
ta_100x20,ta,100x20,12,16,46,19000,1000,0.0024210526315789475,0.046
ta_100x20,ta,100x20,12,17,53,19000,1000,0.002789473684210526,0.053
ta_100x20,ta,100x20,12,18,52,19000,1000,0.0027368421052631577,0.052
ta_100x20,ta,100x20,12,19,42,19000,1000,0.0022105263157894735,0.042
ta_100x20,ta,100x20,13,0,57,19000,1000,0.003,0.057
ta_100x20,ta,100x20,13,1,44,19000,1000,0.0023157894736842107,0.044
ta_100x20,ta,100x20,13,2,43,19000,1000,0.002263157894736842,0.043
ta_100x20,ta,100x20,13,3,41,19000,1000,0.002157894736842105,0.041
ta_100x20,ta,100x20,13,4,56,19000,1000,0.0029473684210526317,0.056
ta_100x20,ta,100x20,13,5,51,19000,1000,0.0026842105263157894,0.051
ta_100x20,ta,100x20,13,6,44,19000,1000,0.0023157894736842107,0.044
ta_100x20,ta,100x20,13,7,48,19000,1000,0.0025263157894736842,0.048
ta_100x20,ta,100x20,13,8,56,19000,1000,0.0029473684210526317,0.056
ta_100x20,ta,100x20,13,9,57,19000,1000,0.003,0.057
ta_100x20,ta,100x20,13,10,58,19000,1000,0.0030526315789473684,0.058
ta_100x20,ta,100x20,13,11,43,19000,1000,0.002263157894736842,0.043
ta_100x20,ta,100x20,13,12,49,19000,1000,0.0025789473684210526,0.049
ta_100x20,ta,100x20,13,14,44,19000,1000,0.0023157894736842107,0.044
ta_100x20,ta,100x20,13,15,39,19000,1000,0.0020526315789473684,0.039
ta_100x20,ta,100x20,13,16,55,19000,1000,0.0028947368421052633,0.055
ta_100x20,ta,100x20,13,17,52,19000,1000,0.0027368421052631577,0.052
ta_100x20,ta,100x20,13,18,60,19000,1000,0.003157894736842105,0.06
ta_100x20,ta,100x20,13,19,49,19000,1000,0.0025789473684210526,0.049
ta_100x20,ta,100x20,14,0,46,19000,1000,0.0024210526315789475,0.046
ta_100x20,ta,100x20,14,1,46,19000,1000,0.0024210526315789475,0.046
ta_100x20,ta,100x20,14,2,67,19000,1000,0.0035263157894736843,0.067
ta_100x20,ta,100x20,14,3,48,19000,1000,0.0025263157894736842,0.048
ta_100x20,ta,100x20,14,4,42,19000,1000,0.0022105263157894735,0.042
ta_100x20,ta,100x20,14,5,50,19000,1000,0.002631578947368421,0.05
ta_100x20,ta,100x20,14,6,48,19000,1000,0.0025263157894736842,0.048
ta_100x20,ta,100x20,14,7,40,19000,1000,0.002105263157894737,0.04
ta_100x20,ta,100x20,14,8,44,19000,1000,0.0023157894736842107,0.044
ta_100x20,ta,100x20,14,9,62,19000,1000,0.003263157894736842,0.062
ta_100x20,ta,100x20,14,10,59,19000,1000,0.003105263157894737,0.059
ta_100x20,ta,100x20,14,11,38,19000,1000,0.002,0.038
ta_100x20,ta,100x20,14,12,59,19000,1000,0.003105263157894737,0.059
ta_100x20,ta,100x20,14,13,46,19000,1000,0.0024210526315789475,0.046
ta_100x20,ta,100x20,14,15,42,19000,1000,0.0022105263157894735,0.042
ta_100x20,ta,100x20,14,16,44,19000,1000,0.0023157894736842107,0.044
ta_100x20,ta,100x20,14,17,50,19000,1000,0.002631578947368421,0.05
ta_100x20,ta,100x20,14,18,54,19000,1000,0.002842105263157895,0.054
ta_100x20,ta,100x20,14,19,65,19000,1000,0.0034210526315789475,0.065
ta_100x20,ta,100x20,15,0,48,19000,1000,0.0025263157894736842,0.048
ta_100x20,ta,100x20,15,1,48,19000,1000,0.0025263157894736842,0.048
ta_100x20,ta,100x20,15,2,44,19000,1000,0.0023157894736842107,0.044
ta_100x20,ta,100x20,15,3,46,19000,1000,0.0024210526315789475,0.046
ta_100x20,ta,100x20,15,4,52,19000,1000,0.0027368421052631577,0.052
ta_100x20,ta,100x20,15,5,41,19000,1000,0.002157894736842105,0.041
ta_100x20,ta,100x20,15,6,50,19000,1000,0.002631578947368421,0.05
ta_100x20,ta,100x20,15,7,49,19000,1000,0.0025789473684210526,0.049
ta_100x20,ta,100x20,15,8,69,19000,1000,0.003631578947368421,0.069
ta_100x20,ta,100x20,15,9,47,19000,1000,0.002473684210526316,0.047
ta_100x20,ta,100x20,15,10,45,19000,1000,0.002368421052631579,0.045
ta_100x20,ta,100x20,15,11,49,19000,1000,0.0025789473684210526,0.049
ta_100x20,ta,100x20,15,12,58,19000,1000,0.0030526315789473684,0.058
ta_100x20,ta,100x20,15,13,54,19000,1000,0.002842105263157895,0.054
ta_100x20,ta,100x20,15,14,42,19000,1000,0.0022105263157894735,0.042
ta_100x20,ta,100x20,15,16,57,19000,1000,0.003,0.057
ta_100x20,ta,100x20,15,17,53,19000,1000,0.002789473684210526,0.053
ta_100x20,ta,100x20,15,18,52,19000,1000,0.0027368421052631577,0.052
ta_100x20,ta,100x20,15,19,41,19000,1000,0.002157894736842105,0.041
ta_100x20,ta,100x20,16,0,51,19000,1000,0.0026842105263157894,0.051
ta_100x20,ta,100x20,16,1,49,19000,1000,0.0025789473684210526,0.049
ta_100x20,ta,100x20,16,2,51,19000,1000,0.0026842105263157894,0.051
ta_100x20,ta,100x20,16,3,46,19000,1000,0.0024210526315789475,0.046
ta_100x20,ta,100x20,16,4,49,19000,1000,0.0025789473684210526,0.049
ta_100x20,ta,100x20,16,5,55,19000,1000,0.0028947368421052633,0.055
ta_100x20,ta,100x20,16,6,55,19000,1000,0.0028947368421052633,0.055
ta_100x20,ta,100x20,16,7,53,19000,1000,0.002789473684210526,0.053
ta_100x20,ta,100x20,16,8,49,19000,1000,0.0025789473684210526,0.049
ta_100x20,ta,100x20,16,9,55,19000,1000,0.0028947368421052633,0.055
ta_100x20,ta,100x20,16,10,55,19000,1000,0.0028947368421052633,0.055
ta_100x20,ta,100x20,16,11,58,19000,1000,0.0030526315789473684,0.058
ta_100x20,ta,100x20,16,12,41,19000,1000,0.002157894736842105,0.041
ta_100x20,ta,100x20,16,13,46,19000,1000,0.0024210526315789475,0.046
ta_100x20,ta,100x20,16,14,46,19000,1000,0.0024210526315789475,0.046
ta_100x20,ta,100x20,16,15,36,19000,1000,0.001894736842105263,0.036
ta_100x20,ta,100x20,16,17,49,19000,1000,0.0025789473684210526,0.049
ta_100x20,ta,100x20,16,18,53,19000,1000,0.002789473684210526,0.053
ta_100x20,ta,100x20,16,19,51,19000,1000,0.0026842105263157894,0.051
ta_100x20,ta,100x20,17,0,50,19000,1000,0.002631578947368421,0.05
ta_100x20,ta,100x20,17,1,44,19000,1000,0.0023157894736842107,0.044
ta_100x20,ta,100x20,17,2,45,19000,1000,0.002368421052631579,0.045
ta_100x20,ta,100x20,17,3,47,19000,1000,0.002473684210526316,0.047
ta_100x20,ta,100x20,17,4,59,19000,1000,0.003105263157894737,0.059
ta_100x20,ta,100x20,17,5,55,19000,1000,0.0028947368421052633,0.055
ta_100x20,ta,100x20,17,6,48,19000,1000,0.0025263157894736842,0.048
ta_100x20,ta,100x20,17,7,44,19000,1000,0.0023157894736842107,0.044
ta_100x20,ta,100x20,17,8,36,19000,1000,0.001894736842105263,0.036
ta_100x20,ta,100x20,17,9,53,19000,1000,0.002789473684210526,0.053
ta_100x20,ta,100x20,17,10,43,19000,1000,0.002263157894736842,0.043
ta_100x20,ta,100x20,17,11,52,19000,1000,0.0027368421052631577,0.052
ta_100x20,ta,100x20,17,12,54,19000,1000,0.002842105263157895,0.054
ta_100x20,ta,100x20,17,13,55,19000,1000,0.0028947368421052633,0.055
ta_100x20,ta,100x20,17,14,39,19000,1000,0.0020526315789473684,0.039
ta_100x20,ta,100x20,17,15,57,19000,1000,0.003,0.057
ta_100x20,ta,100x20,17,16,55,19000,1000,0.0028947368421052633,0.055
ta_100x20,ta,100x20,17,18,61,19000,1000,0.0032105263157894736,0.061
ta_100x20,ta,100x20,17,19,56,19000,1000,0.0029473684210526317,0.056
ta_100x20,ta,100x20,18,0,49,19000,1000,0.0025789473684210526,0.049
ta_100x20,ta,100x20,18,1,55,19000,1000,0.0028947368421052633,0.055
ta_100x20,ta,100x20,18,2,35,19000,1000,0.0018421052631578947,0.035
ta_100x20,ta,100x20,18,3,49,19000,1000,0.0025789473684210526,0.049
ta_100x20,ta,100x20,18,4,45,19000,1000,0.002368421052631579,0.045
ta_100x20,ta,100x20,18,5,56,19000,1000,0.0029473684210526317,0.056
ta_100x20,ta,100x20,18,6,41,19000,1000,0.002157894736842105,0.041
ta_100x20,ta,100x20,18,7,58,19000,1000,0.0030526315789473684,0.058
ta_100x20,ta,100x20,18,8,62,19000,1000,0.003263157894736842,0.062
ta_100x20,ta,100x20,18,9,46,19000,1000,0.0024210526315789475,0.046
ta_100x20,ta,100x20,18,10,42,19000,1000,0.0022105263157894735,0.042
ta_100x20,ta,100x20,18,11,47,19000,1000,0.002473684210526316,0.047
ta_100x20,ta,100x20,18,12,51,19000,1000,0.0026842105263157894,0.051
ta_100x20,ta,100x20,18,13,64,19000,1000,0.003368421052631579,0.064
ta_100x20,ta,100x20,18,14,52,19000,1000,0.0027368421052631577,0.052
ta_100x20,ta,100x20,18,15,38,19000,1000,0.002,0.038
ta_100x20,ta,100x20,18,16,48,19000,1000,0.0025263157894736842,0.048
ta_100x20,ta,100x20,18,17,53,19000,1000,0.002789473684210526,0.053
ta_100x20,ta,100x20,18,19,50,19000,1000,0.002631578947368421,0.05
ta_100x20,ta,100x20,19,0,64,19000,1000,0.003368421052631579,0.064
ta_100x20,ta,100x20,19,1,43,19000,1000,0.002263157894736842,0.043
ta_100x20,ta,100x20,19,2,57,19000,1000,0.003,0.057
ta_100x20,ta,100x20,19,3,48,19000,1000,0.0025263157894736842,0.048
ta_100x20,ta,100x20,19,4,50,19000,1000,0.002631578947368421,0.05
ta_100x20,ta,100x20,19,5,70,19000,1000,0.0036842105263157894,0.07
ta_100x20,ta,100x20,19,6,55,19000,1000,0.0028947368421052633,0.055
ta_100x20,ta,100x20,19,7,58,19000,1000,0.0030526315789473684,0.058
ta_100x20,ta,100x20,19,8,50,19000,1000,0.002631578947368421,0.05
ta_100x20,ta,100x20,19,9,38,19000,1000,0.002,0.038
ta_100x20,ta,100x20,19,10,30,19000,1000,0.0015789473684210526,0.03
ta_100x20,ta,100x20,19,11,51,19000,1000,0.0026842105263157894,0.051
ta_100x20,ta,100x20,19,12,42,19000,1000,0.0022105263157894735,0.042
ta_100x20,ta,100x20,19,13,55,19000,1000,0.0028947368421052633,0.055
ta_100x20,ta,100x20,19,14,54,19000,1000,0.002842105263157895,0.054
ta_100x20,ta,100x20,19,15,50,19000,1000,0.002631578947368421,0.05
ta_100x20,ta,100x20,19,16,55,19000,1000,0.0028947368421052633,0.055
ta_100x20,ta,100x20,19,17,41,19000,1000,0.002157894736842105,0.041
ta_100x20,ta,100x20,19,18,47,19000,1000,0.002473684210526316,0.047
ta_15x15,ta,15x15,0,1,8,2100,150,0.0038095238095238095,0.05333333333333334
ta_15x15,ta,15x15,0,2,9,2100,150,0.004285714285714286,0.06
ta_15x15,ta,15x15,0,3,11,2100,150,0.005238095238095238,0.07333333333333333
ta_15x15,ta,15x15,0,4,11,2100,150,0.005238095238095238,0.07333333333333333
ta_15x15,ta,15x15,0,5,15,2100,150,0.007142857142857143,0.1
ta_15x15,ta,15x15,0,6,5,2100,150,0.002380952380952381,0.03333333333333333
ta_15x15,ta,15x15,0,7,11,2100,150,0.005238095238095238,0.07333333333333333
ta_15x15,ta,15x15,0,8,8,2100,150,0.0038095238095238095,0.05333333333333334
ta_15x15,ta,15x15,0,9,12,2100,150,0.005714285714285714,0.08
ta_15x15,ta,15x15,0,10,7,2100,150,0.0033333333333333335,0.04666666666666667
ta_15x15,ta,15x15,0,11,10,2100,150,0.004761904761904762,0.06666666666666667
ta_15x15,ta,15x15,0,12,13,2100,150,0.006190476190476191,0.08666666666666667
ta_15x15,ta,15x15,0,13,9,2100,150,0.004285714285714286,0.06
ta_15x15,ta,15x15,0,14,10,2100,150,0.004761904761904762,0.06666666666666667
ta_15x15,ta,15x15,1,0,13,2100,150,0.006190476190476191,0.08666666666666667
ta_15x15,ta,15x15,1,2,13,2100,150,0.006190476190476191,0.08666666666666667
ta_15x15,ta,15x15,1,3,6,2100,150,0.002857142857142857,0.04
ta_15x15,ta,15x15,1,4,14,2100,150,0.006666666666666667,0.09333333333333334
ta_15x15,ta,15x15,1,5,6,2100,150,0.002857142857142857,0.04
ta_15x15,ta,15x15,1,6,6,2100,150,0.002857142857142857,0.04
ta_15x15,ta,15x15,1,7,7,2100,150,0.0033333333333333335,0.04666666666666667
ta_15x15,ta,15x15,1,8,10,2100,150,0.004761904761904762,0.06666666666666667
ta_15x15,ta,15x15,1,9,9,2100,150,0.004285714285714286,0.06
ta_15x15,ta,15x15,1,10,12,2100,150,0.005714285714285714,0.08
ta_15x15,ta,15x15,1,11,18,2100,150,0.008571428571428572,0.12
ta_15x15,ta,15x15,1,12,12,2100,150,0.005714285714285714,0.08
ta_15x15,ta,15x15,1,13,11,2100,150,0.005238095238095238,0.07333333333333333
ta_15x15,ta,15x15,1,14,8,2100,150,0.0038095238095238095,0.05333333333333334
ta_15x15,ta,15x15,2,0,10,2100,150,0.004761904761904762,0.06666666666666667
ta_15x15,ta,15x15,2,1,12,2100,150,0.005714285714285714,0.08
ta_15x15,ta,15x15,2,3,13,2100,150,0.006190476190476191,0.08666666666666667
ta_15x15,ta,15x15,2,4,4,2100,150,0.0019047619047619048,0.02666666666666667
ta_15x15,ta,15x15,2,5,9,2100,150,0.004285714285714286,0.06
ta_15x15,ta,15x15,2,6,9,2100,150,0.004285714285714286,0.06
ta_15x15,ta,15x15,2,7,11,2100,150,0.005238095238095238,0.07333333333333333
ta_15x15,ta,15x15,2,8,9,2100,150,0.004285714285714286,0.06
ta_15x15,ta,15x15,2,9,13,2100,150,0.006190476190476191,0.08666666666666667
ta_15x15,ta,15x15,2,10,8,2100,150,0.0038095238095238095,0.05333333333333334
ta_15x15,ta,15x15,2,11,10,2100,150,0.004761904761904762,0.06666666666666667
ta_15x15,ta,15x15,2,12,9,2100,150,0.004285714285714286,0.06
ta_15x15,ta,15x15,2,13,8,2100,150,0.0038095238095238095,0.05333333333333334
ta_15x15,ta,15x15,2,14,16,2100,150,0.007619047619047619,0.10666666666666667
ta_15x15,ta,15x15,3,0,6,2100,150,0.002857142857142857,0.04
ta_15x15,ta,15x15,3,1,9,2100,150,0.004285714285714286,0.06
ta_15x15,ta,15x15,3,2,10,2100,150,0.004761904761904762,0.06666666666666667
ta_15x15,ta,15x15,3,4,10,2100,150,0.004761904761904762,0.06666666666666667
ta_15x15,ta,15x15,3,5,7,2100,150,0.0033333333333333335,0.04666666666666667
ta_15x15,ta,15x15,3,6,13,2100,150,0.006190476190476191,0.08666666666666667
ta_15x15,ta,15x15,3,7,12,2100,150,0.005714285714285714,0.08
ta_15x15,ta,15x15,3,8,13,2100,150,0.006190476190476191,0.08666666666666667
ta_15x15,ta,15x15,3,9,7,2100,150,0.0033333333333333335,0.04666666666666667
ta_15x15,ta,15x15,3,10,13,2100,150,0.006190476190476191,0.08666666666666667
ta_15x15,ta,15x15,3,11,7,2100,150,0.0033333333333333335,0.04666666666666667
ta_15x15,ta,15x15,3,12,5,2100,150,0.002380952380952381,0.03333333333333333
ta_15x15,ta,15x15,3,13,15,2100,150,0.007142857142857143,0.1
ta_15x15,ta,15x15,3,14,8,2100,150,0.0038095238095238095,0.05333333333333334
ta_15x15,ta,15x15,4,0,11,2100,150,0.005238095238095238,0.07333333333333333
ta_15x15,ta,15x15,4,1,13,2100,150,0.006190476190476191,0.08666666666666667
ta_15x15,ta,15x15,4,2,8,2100,150,0.0038095238095238095,0.05333333333333334
ta_15x15,ta,15x15,4,3,12,2100,150,0.005714285714285714,0.08
ta_15x15,ta,15x15,4,5,17,2100,150,0.008095238095238095,0.11333333333333333
ta_15x15,ta,15x15,4,6,7,2100,150,0.0033333333333333335,0.04666666666666667
ta_15x15,ta,15x15,4,7,12,2100,150,0.005714285714285714,0.08
ta_15x15,ta,15x15,4,8,10,2100,150,0.004761904761904762,0.06666666666666667
ta_15x15,ta,15x15,4,9,12,2100,150,0.005714285714285714,0.08
ta_15x15,ta,15x15,4,10,8,2100,150,0.0038095238095238095,0.05333333333333334
ta_15x15,ta,15x15,4,11,7,2100,150,0.0033333333333333335,0.04666666666666667
ta_15x15,ta,15x15,4,12,6,2100,150,0.002857142857142857,0.04
ta_15x15,ta,15x15,4,13,9,2100,150,0.004285714285714286,0.06
ta_15x15,ta,15x15,4,14,8,2100,150,0.0038095238095238095,0.05333333333333334
ta_15x15,ta,15x15,5,0,11,2100,150,0.005238095238095238,0.07333333333333333
ta_15x15,ta,15x15,5,1,9,2100,150,0.004285714285714286,0.06
ta_15x15,ta,15x15,5,2,14,2100,150,0.006666666666666667,0.09333333333333334
ta_15x15,ta,15x15,5,3,12,2100,150,0.005714285714285714,0.08
ta_15x15,ta,15x15,5,4,13,2100,150,0.006190476190476191,0.08666666666666667
ta_15x15,ta,15x15,5,6,11,2100,150,0.005238095238095238,0.07333333333333333
ta_15x15,ta,15x15,5,7,5,2100,150,0.002380952380952381,0.03333333333333333
ta_15x15,ta,15x15,5,8,10,2100,150,0.004761904761904762,0.06666666666666667
ta_15x15,ta,15x15,5,9,12,2100,150,0.005714285714285714,0.08
ta_15x15,ta,15x15,5,10,10,2100,150,0.004761904761904762,0.06666666666666667
ta_15x15,ta,15x15,5,11,7,2100,150,0.0033333333333333335,0.04666666666666667
ta_15x15,ta,15x15,5,12,7,2100,150,0.0033333333333333335,0.04666666666666667
ta_15x15,ta,15x15,5,13,9,2100,150,0.004285714285714286,0.06
ta_15x15,ta,15x15,5,14,9,2100,150,0.004285714285714286,0.06
ta_15x15,ta,15x15,6,0,7,2100,150,0.0033333333333333335,0.04666666666666667
ta_15x15,ta,15x15,6,1,13,2100,150,0.006190476190476191,0.08666666666666667
ta_15x15,ta,15x15,6,2,8,2100,150,0.0038095238095238095,0.05333333333333334
ta_15x15,ta,15x15,6,3,7,2100,150,0.0033333333333333335,0.04666666666666667
ta_15x15,ta,15x15,6,4,9,2100,150,0.004285714285714286,0.06
ta_15x15,ta,15x15,6,5,12,2100,150,0.005714285714285714,0.08
ta_15x15,ta,15x15,6,7,11,2100,150,0.005238095238095238,0.07333333333333333
ta_15x15,ta,15x15,6,8,7,2100,150,0.0033333333333333335,0.04666666666666667
ta_15x15,ta,15x15,6,9,18,2100,150,0.008571428571428572,0.12
ta_15x15,ta,15x15,6,10,12,2100,150,0.005714285714285714,0.08
ta_15x15,ta,15x15,6,11,13,2100,150,0.006190476190476191,0.08666666666666667
ta_15x15,ta,15x15,6,12,14,2100,150,0.006666666666666667,0.09333333333333334
ta_15x15,ta,15x15,6,13,7,2100,150,0.0033333333333333335,0.04666666666666667
ta_15x15,ta,15x15,6,14,7,2100,150,0.0033333333333333335,0.04666666666666667
ta_15x15,ta,15x15,7,0,10,2100,150,0.004761904761904762,0.06666666666666667
ta_15x15,ta,15x15,7,1,12,2100,150,0.005714285714285714,0.08
ta_15x15,ta,15x15,7,2,9,2100,150,0.004285714285714286,0.06
ta_15x15,ta,15x15,7,3,9,2100,150,0.004285714285714286,0.06
ta_15x15,ta,15x15,7,4,10,2100,150,0.004761904761904762,0.06666666666666667
ta_15x15,ta,15x15,7,5,10,2100,150,0.004761904761904762,0.06666666666666667
ta_15x15,ta,15x15,7,6,13,2100,150,0.006190476190476191,0.08666666666666667
ta_15x15,ta,15x15,7,8,10,2100,150,0.004761904761904762,0.06666666666666667
ta_15x15,ta,15x15,7,9,6,2100,150,0.002857142857142857,0.04
ta_15x15,ta,15x15,7,10,7,2100,150,0.0033333333333333335,0.04666666666666667
ta_15x15,ta,15x15,7,11,11,2100,150,0.005238095238095238,0.07333333333333333
ta_15x15,ta,15x15,7,12,11,2100,150,0.005238095238095238,0.07333333333333333
ta_15x15,ta,15x15,7,13,8,2100,150,0.0038095238095238095,0.05333333333333334
ta_15x15,ta,15x15,7,14,11,2100,150,0.005238095238095238,0.07333333333333333
ta_15x15,ta,15x15,8,0,12,2100,150,0.005714285714285714,0.08
ta_15x15,ta,15x15,8,1,10,2100,150,0.004761904761904762,0.06666666666666667
ta_15x15,ta,15x15,8,2,8,2100,150,0.0038095238095238095,0.05333333333333334
ta_15x15,ta,15x15,8,3,10,2100,150,0.004761904761904762,0.06666666666666667
ta_15x15,ta,15x15,8,4,9,2100,150,0.004285714285714286,0.06
ta_15x15,ta,15x15,8,5,3,2100,150,0.0014285714285714286,0.02
ta_15x15,ta,15x15,8,6,10,2100,150,0.004761904761904762,0.06666666666666667
ta_15x15,ta,15x15,8,7,9,2100,150,0.004285714285714286,0.06
ta_15x15,ta,15x15,8,9,6,2100,150,0.002857142857142857,0.04
ta_15x15,ta,15x15,8,10,14,2100,150,0.006666666666666667,0.09333333333333334
ta_15x15,ta,15x15,8,11,11,2100,150,0.005238095238095238,0.07333333333333333
ta_15x15,ta,15x15,8,12,14,2100,150,0.006666666666666667,0.09333333333333334
ta_15x15,ta,15x15,8,13,10,2100,150,0.004761904761904762,0.06666666666666667
ta_15x15,ta,15x15,8,14,15,2100,150,0.007142857142857143,0.1
ta_15x15,ta,15x15,9,0,16,2100,150,0.007619047619047619,0.10666666666666667
ta_15x15,ta,15x15,9,1,6,2100,150,0.002857142857142857,0.04
ta_15x15,ta,15x15,9,2,6,2100,150,0.002857142857142857,0.04
ta_15x15,ta,15x15,9,3,7,2100,150,0.0033333333333333335,0.04666666666666667
ta_15x15,ta,15x15,9,4,5,2100,150,0.002380952380952381,0.03333333333333333
ta_15x15,ta,15x15,9,5,14,2100,150,0.006666666666666667,0.09333333333333334
ta_15x15,ta,15x15,9,6,13,2100,150,0.006190476190476191,0.08666666666666667
ta_15x15,ta,15x15,9,7,10,2100,150,0.004761904761904762,0.06666666666666667
ta_15x15,ta,15x15,9,8,12,2100,150,0.005714285714285714,0.08
ta_15x15,ta,15x15,9,10,15,2100,150,0.007142857142857143,0.1
ta_15x15,ta,15x15,9,11,11,2100,150,0.005238095238095238,0.07333333333333333
ta_15x15,ta,15x15,9,12,9,2100,150,0.004285714285714286,0.06
ta_15x15,ta,15x15,9,13,13,2100,150,0.006190476190476191,0.08666666666666667
ta_15x15,ta,15x15,9,14,7,2100,150,0.0033333333333333335,0.04666666666666667
ta_15x15,ta,15x15,10,0,10,2100,150,0.004761904761904762,0.06666666666666667
ta_15x15,ta,15x15,10,1,9,2100,150,0.004285714285714286,0.06
ta_15x15,ta,15x15,10,2,12,2100,150,0.005714285714285714,0.08
ta_15x15,ta,15x15,10,3,12,2100,150,0.005714285714285714,0.08
ta_15x15,ta,15x15,10,4,14,2100,150,0.006666666666666667,0.09333333333333334
ta_15x15,ta,15x15,10,5,8,2100,150,0.0038095238095238095,0.05333333333333334
ta_15x15,ta,15x15,10,6,10,2100,150,0.004761904761904762,0.06666666666666667
ta_15x15,ta,15x15,10,7,19,2100,150,0.009047619047619047,0.12666666666666668
ta_15x15,ta,15x15,10,8,10,2100,150,0.004761904761904762,0.06666666666666667
ta_15x15,ta,15x15,10,9,8,2100,150,0.0038095238095238095,0.05333333333333334
ta_15x15,ta,15x15,10,11,6,2100,150,0.002857142857142857,0.04
ta_15x15,ta,15x15,10,12,9,2100,150,0.004285714285714286,0.06
ta_15x15,ta,15x15,10,13,9,2100,150,0.004285714285714286,0.06
ta_15x15,ta,15x15,10,14,4,2100,150,0.0019047619047619048,0.02666666666666667
ta_15x15,ta,15x15,11,0,12,2100,150,0.005714285714285714,0.08
ta_15x15,ta,15x15,11,1,7,2100,150,0.0033333333333333335,0.04666666666666667
ta_15x15,ta,15x15,11,2,12,2100,150,0.005714285714285714,0.08
ta_15x15,ta,15x15,11,3,10,2100,150,0.004761904761904762,0.06666666666666667
ta_15x15,ta,15x15,11,4,10,2100,150,0.004761904761904762,0.06666666666666667
ta_15x15,ta,15x15,11,5,4,2100,150,0.0019047619047619048,0.02666666666666667
ta_15x15,ta,15x15,11,6,11,2100,150,0.005238095238095238,0.07333333333333333
ta_15x15,ta,15x15,11,7,5,2100,150,0.002380952380952381,0.03333333333333333
ta_15x15,ta,15x15,11,8,12,2100,150,0.005714285714285714,0.08
ta_15x15,ta,15x15,11,9,14,2100,150,0.006666666666666667,0.09333333333333334
ta_15x15,ta,15x15,11,10,8,2100,150,0.0038095238095238095,0.05333333333333334
ta_15x15,ta,15x15,11,12,9,2100,150,0.004285714285714286,0.06
ta_15x15,ta,15x15,11,13,8,2100,150,0.0038095238095238095,0.05333333333333334
ta_15x15,ta,15x15,11,14,11,2100,150,0.005238095238095238,0.07333333333333333
ta_15x15,ta,15x15,12,0,7,2100,150,0.0033333333333333335,0.04666666666666667
ta_15x15,ta,15x15,12,1,15,2100,150,0.007142857142857143,0.1
ta_15x15,ta,15x15,12,2,8,2100,150,0.0038095238095238095,0.05333333333333334
ta_15x15,ta,15x15,12,3,8,2100,150,0.0038095238095238095,0.05333333333333334
ta_15x15,ta,15x15,12,4,12,2100,150,0.005714285714285714,0.08
ta_15x15,ta,15x15,12,5,8,2100,150,0.0038095238095238095,0.05333333333333334
ta_15x15,ta,15x15,12,6,12,2100,150,0.005714285714285714,0.08
ta_15x15,ta,15x15,12,7,10,2100,150,0.004761904761904762,0.06666666666666667
ta_15x15,ta,15x15,12,8,8,2100,150,0.0038095238095238095,0.05333333333333334
ta_15x15,ta,15x15,12,9,8,2100,150,0.0038095238095238095,0.05333333333333334
ta_15x15,ta,15x15,12,10,10,2100,150,0.004761904761904762,0.06666666666666667
ta_15x15,ta,15x15,12,11,6,2100,150,0.002857142857142857,0.04
ta_15x15,ta,15x15,12,13,12,2100,150,0.005714285714285714,0.08
ta_15x15,ta,15x15,12,14,15,2100,150,0.007142857142857143,0.1
ta_15x15,ta,15x15,13,0,10,2100,150,0.004761904761904762,0.06666666666666667
ta_15x15,ta,15x15,13,1,7,2100,150,0.0033333333333333335,0.04666666666666667
ta_15x15,ta,15x15,13,2,15,2100,150,0.007142857142857143,0.1
ta_15x15,ta,15x15,13,3,11,2100,150,0.005238095238095238,0.07333333333333333
ta_15x15,ta,15x15,13,4,11,2100,150,0.005238095238095238,0.07333333333333333
ta_15x15,ta,15x15,13,5,17,2100,150,0.008095238095238095,0.11333333333333333
ta_15x15,ta,15x15,13,6,9,2100,150,0.004285714285714286,0.06
ta_15x15,ta,15x15,13,7,8,2100,150,0.0038095238095238095,0.05333333333333334
ta_15x15,ta,15x15,13,8,11,2100,150,0.005238095238095238,0.07333333333333333
ta_15x15,ta,15x15,13,9,6,2100,150,0.002857142857142857,0.04
ta_15x15,ta,15x15,13,10,7,2100,150,0.0033333333333333335,0.04666666666666667
ta_15x15,ta,15x15,13,11,12,2100,150,0.005714285714285714,0.08
ta_15x15,ta,15x15,13,12,7,2100,150,0.0033333333333333335,0.04666666666666667
ta_15x15,ta,15x15,13,14,11,2100,150,0.005238095238095238,0.07333333333333333
ta_15x15,ta,15x15,14,0,9,2100,150,0.004285714285714286,0.06
ta_15x15,ta,15x15,14,1,8,2100,150,0.0038095238095238095,0.05333333333333334
ta_15x15,ta,15x15,14,2,9,2100,150,0.004285714285714286,0.06
ta_15x15,ta,15x15,14,3,13,2100,150,0.006190476190476191,0.08666666666666667
ta_15x15,ta,15x15,14,4,9,2100,150,0.004285714285714286,0.06
ta_15x15,ta,15x15,14,5,8,2100,150,0.0038095238095238095,0.05333333333333334
ta_15x15,ta,15x15,14,6,11,2100,150,0.005238095238095238,0.07333333333333333
ta_15x15,ta,15x15,14,7,8,2100,150,0.0038095238095238095,0.05333333333333334
ta_15x15,ta,15x15,14,8,4,2100,150,0.0019047619047619048,0.02666666666666667
ta_15x15,ta,15x15,14,9,11,2100,150,0.005238095238095238,0.07333333333333333
ta_15x15,ta,15x15,14,10,12,2100,150,0.005714285714285714,0.08
ta_15x15,ta,15x15,14,11,13,2100,150,0.006190476190476191,0.08666666666666667
ta_15x15,ta,15x15,14,12,13,2100,150,0.006190476190476191,0.08666666666666667
ta_15x15,ta,15x15,14,13,12,2100,150,0.005714285714285714,0.08
ta_20x15,ta,20x15,0,1,9,2800,200,0.0032142857142857142,0.045
ta_20x15,ta,20x15,0,2,11,2800,200,0.003928571428571429,0.055
ta_20x15,ta,20x15,0,3,15,2800,200,0.005357142857142857,0.075
ta_20x15,ta,20x15,0,4,13,2800,200,0.004642857142857143,0.065
ta_20x15,ta,20x15,0,5,9,2800,200,0.0032142857142857142,0.045
ta_20x15,ta,20x15,0,6,7,2800,200,0.0025,0.035
ta_20x15,ta,20x15,0,7,21,2800,200,0.0075,0.105
ta_20x15,ta,20x15,0,8,8,2800,200,0.002857142857142857,0.04
ta_20x15,ta,20x15,0,9,22,2800,200,0.007857142857142858,0.11
ta_20x15,ta,20x15,0,10,14,2800,200,0.005,0.07
ta_20x15,ta,20x15,0,11,12,2800,200,0.004285714285714286,0.06
ta_20x15,ta,20x15,0,12,15,2800,200,0.005357142857142857,0.075
ta_20x15,ta,20x15,0,13,16,2800,200,0.005714285714285714,0.08
ta_20x15,ta,20x15,0,14,16,2800,200,0.005714285714285714,0.08
ta_20x15,ta,20x15,1,0,21,2800,200,0.0075,0.105
ta_20x15,ta,20x15,1,2,7,2800,200,0.0025,0.035
ta_20x15,ta,20x15,1,3,13,2800,200,0.004642857142857143,0.065
ta_20x15,ta,20x15,1,4,20,2800,200,0.007142857142857143,0.1
ta_20x15,ta,20x15,1,5,13,2800,200,0.004642857142857143,0.065
ta_20x15,ta,20x15,1,6,14,2800,200,0.005,0.07
ta_20x15,ta,20x15,1,7,11,2800,200,0.003928571428571429,0.055
ta_20x15,ta,20x15,1,8,14,2800,200,0.005,0.07
ta_20x15,ta,20x15,1,9,13,2800,200,0.004642857142857143,0.065
ta_20x15,ta,20x15,1,10,13,2800,200,0.004642857142857143,0.065
ta_20x15,ta,20x15,1,11,10,2800,200,0.0035714285714285713,0.05
ta_20x15,ta,20x15,1,12,15,2800,200,0.005357142857142857,0.075
ta_20x15,ta,20x15,1,13,15,2800,200,0.005357142857142857,0.075
ta_20x15,ta,20x15,1,14,10,2800,200,0.0035714285714285713,0.05
ta_20x15,ta,20x15,2,0,13,2800,200,0.004642857142857143,0.065
ta_20x15,ta,20x15,2,1,10,2800,200,0.0035714285714285713,0.05
ta_20x15,ta,20x15,2,3,11,2800,200,0.003928571428571429,0.055
ta_20x15,ta,20x15,2,4,17,2800,200,0.006071428571428571,0.085
ta_20x15,ta,20x15,2,5,9,2800,200,0.0032142857142857142,0.045
ta_20x15,ta,20x15,2,6,15,2800,200,0.005357142857142857,0.075
ta_20x15,ta,20x15,2,7,11,2800,200,0.003928571428571429,0.055
ta_20x15,ta,20x15,2,8,14,2800,200,0.005,0.07
ta_20x15,ta,20x15,2,9,18,2800,200,0.0064285714285714285,0.09
ta_20x15,ta,20x15,2,10,12,2800,200,0.004285714285714286,0.06
ta_20x15,ta,20x15,2,11,17,2800,200,0.006071428571428571,0.085
ta_20x15,ta,20x15,2,12,12,2800,200,0.004285714285714286,0.06
ta_20x15,ta,20x15,2,13,9,2800,200,0.0032142857142857142,0.045
ta_20x15,ta,20x15,2,14,11,2800,200,0.003928571428571429,0.055
ta_20x15,ta,20x15,3,0,12,2800,200,0.004285714285714286,0.06
ta_20x15,ta,20x15,3,1,10,2800,200,0.0035714285714285713,0.05
ta_20x15,ta,20x15,3,2,17,2800,200,0.006071428571428571,0.085
ta_20x15,ta,20x15,3,4,20,2800,200,0.007142857142857143,0.1
ta_20x15,ta,20x15,3,5,8,2800,200,0.002857142857142857,0.04
ta_20x15,ta,20x15,3,6,15,2800,200,0.005357142857142857,0.075
ta_20x15,ta,20x15,3,7,9,2800,200,0.0032142857142857142,0.045
ta_20x15,ta,20x15,3,8,21,2800,200,0.0075,0.105
ta_20x15,ta,20x15,3,9,12,2800,200,0.004285714285714286,0.06
ta_20x15,ta,20x15,3,10,13,2800,200,0.004642857142857143,0.065
ta_20x15,ta,20x15,3,11,14,2800,200,0.005,0.07
ta_20x15,ta,20x15,3,12,13,2800,200,0.004642857142857143,0.065
ta_20x15,ta,20x15,3,13,10,2800,200,0.0035714285714285713,0.05
ta_20x15,ta,20x15,3,14,19,2800,200,0.0067857142857142855,0.095
ta_20x15,ta,20x15,4,0,10,2800,200,0.0035714285714285713,0.05
ta_20x15,ta,20x15,4,1,20,2800,200,0.007142857142857143,0.1
ta_20x15,ta,20x15,4,2,12,2800,200,0.004285714285714286,0.06
ta_20x15,ta,20x15,4,3,12,2800,200,0.004285714285714286,0.06
ta_20x15,ta,20x15,4,5,17,2800,200,0.006071428571428571,0.085
ta_20x15,ta,20x15,4,6,14,2800,200,0.005,0.07
ta_20x15,ta,20x15,4,7,13,2800,200,0.004642857142857143,0.065
ta_20x15,ta,20x15,4,8,12,2800,200,0.004285714285714286,0.06
ta_20x15,ta,20x15,4,9,7,2800,200,0.0025,0.035
ta_20x15,ta,20x15,4,10,14,2800,200,0.005,0.07
ta_20x15,ta,20x15,4,11,13,2800,200,0.004642857142857143,0.065
ta_20x15,ta,20x15,4,12,8,2800,200,0.002857142857142857,0.04
ta_20x15,ta,20x15,4,13,13,2800,200,0.004642857142857143,0.065
ta_20x15,ta,20x15,4,14,16,2800,200,0.005714285714285714,0.08
ta_20x15,ta,20x15,5,0,14,2800,200,0.005,0.07
ta_20x15,ta,20x15,5,1,16,2800,200,0.005714285714285714,0.08
ta_20x15,ta,20x15,5,2,7,2800,200,0.0025,0.035
ta_20x15,ta,20x15,5,3,9,2800,200,0.0032142857142857142,0.045
ta_20x15,ta,20x15,5,4,9,2800,200,0.0032142857142857142,0.045
ta_20x15,ta,20x15,5,6,15,2800,200,0.005357142857142857,0.075
ta_20x15,ta,20x15,5,7,14,2800,200,0.005,0.07
ta_20x15,ta,20x15,5,8,12,2800,200,0.004285714285714286,0.06
ta_20x15,ta,20x15,5,9,19,2800,200,0.0067857142857142855,0.095
ta_20x15,ta,20x15,5,10,16,2800,200,0.005714285714285714,0.08
ta_20x15,ta,20x15,5,11,15,2800,200,0.005357142857142857,0.075
ta_20x15,ta,20x15,5,12,16,2800,200,0.005714285714285714,0.08
ta_20x15,ta,20x15,5,13,11,2800,200,0.003928571428571429,0.055
ta_20x15,ta,20x15,5,14,16,2800,200,0.005714285714285714,0.08
ta_20x15,ta,20x15,6,0,13,2800,200,0.004642857142857143,0.065
ta_20x15,ta,20x15,6,1,18,2800,200,0.0064285714285714285,0.09
ta_20x15,ta,20x15,6,2,14,2800,200,0.005,0.07
ta_20x15,ta,20x15,6,3,17,2800,200,0.006071428571428571,0.085
ta_20x15,ta,20x15,6,4,11,2800,200,0.003928571428571429,0.055
ta_20x15,ta,20x15,6,5,13,2800,200,0.004642857142857143,0.065
ta_20x15,ta,20x15,6,7,13,2800,200,0.004642857142857143,0.065
ta_20x15,ta,20x15,6,8,13,2800,200,0.004642857142857143,0.065
ta_20x15,ta,20x15,6,9,11,2800,200,0.003928571428571429,0.055
ta_20x15,ta,20x15,6,10,13,2800,200,0.004642857142857143,0.065
ta_20x15,ta,20x15,6,11,14,2800,200,0.005,0.07
ta_20x15,ta,20x15,6,12,13,2800,200,0.004642857142857143,0.065
ta_20x15,ta,20x15,6,13,15,2800,200,0.005357142857142857,0.075
ta_20x15,ta,20x15,6,14,15,2800,200,0.005357142857142857,0.075
ta_20x15,ta,20x15,7,0,14,2800,200,0.005,0.07
ta_20x15,ta,20x15,7,1,9,2800,200,0.0032142857142857142,0.045
ta_20x15,ta,20x15,7,2,14,2800,200,0.005,0.07
ta_20x15,ta,20x15,7,3,15,2800,200,0.005357142857142857,0.075
ta_20x15,ta,20x15,7,4,13,2800,200,0.004642857142857143,0.065
ta_20x15,ta,20x15,7,5,16,2800,200,0.005714285714285714,0.08
ta_20x15,ta,20x15,7,6,12,2800,200,0.004285714285714286,0.06
ta_20x15,ta,20x15,7,8,15,2800,200,0.005357142857142857,0.075
ta_20x15,ta,20x15,7,9,7,2800,200,0.0025,0.035
ta_20x15,ta,20x15,7,10,17,2800,200,0.006071428571428571,0.085
ta_20x15,ta,20x15,7,11,9,2800,200,0.0032142857142857142,0.045
ta_20x15,ta,20x15,7,12,19,2800,200,0.0067857142857142855,0.095
ta_20x15,ta,20x15,7,13,17,2800,200,0.006071428571428571,0.085
ta_20x15,ta,20x15,7,14,7,2800,200,0.0025,0.035
ta_20x15,ta,20x15,8,0,14,2800,200,0.005,0.07
ta_20x15,ta,20x15,8,1,8,2800,200,0.002857142857142857,0.04
ta_20x15,ta,20x15,8,2,10,2800,200,0.0035714285714285713,0.05
ta_20x15,ta,20x15,8,3,15,2800,200,0.005357142857142857,0.075
ta_20x15,ta,20x15,8,4,10,2800,200,0.0035714285714285713,0.05
ta_20x15,ta,20x15,8,5,10,2800,200,0.0035714285714285713,0.05
ta_20x15,ta,20x15,8,6,13,2800,200,0.004642857142857143,0.065
ta_20x15,ta,20x15,8,7,14,2800,200,0.005,0.07
ta_20x15,ta,20x15,8,9,15,2800,200,0.005357142857142857,0.075
ta_20x15,ta,20x15,8,10,15,2800,200,0.005357142857142857,0.075
ta_20x15,ta,20x15,8,11,13,2800,200,0.004642857142857143,0.065
ta_20x15,ta,20x15,8,12,13,2800,200,0.004642857142857143,0.065
ta_20x15,ta,20x15,8,13,17,2800,200,0.006071428571428571,0.085
ta_20x15,ta,20x15,8,14,20,2800,200,0.007142857142857143,0.1
ta_20x15,ta,20x15,9,0,9,2800,200,0.0032142857142857142,0.045
ta_20x15,ta,20x15,9,1,16,2800,200,0.005714285714285714,0.08
ta_20x15,ta,20x15,9,2,24,2800,200,0.008571428571428572,0.12
ta_20x15,ta,20x15,9,3,15,2800,200,0.005357142857142857,0.075
ta_20x15,ta,20x15,9,4,11,2800,200,0.003928571428571429,0.055
ta_20x15,ta,20x15,9,5,14,2800,200,0.005,0.07
ta_20x15,ta,20x15,9,6,16,2800,200,0.005714285714285714,0.08
ta_20x15,ta,20x15,9,7,14,2800,200,0.005,0.07
ta_20x15,ta,20x15,9,8,11,2800,200,0.003928571428571429,0.055
ta_20x15,ta,20x15,9,10,10,2800,200,0.0035714285714285713,0.05
ta_20x15,ta,20x15,9,11,12,2800,200,0.004285714285714286,0.06
ta_20x15,ta,20x15,9,12,19,2800,200,0.0067857142857142855,0.095
ta_20x15,ta,20x15,9,13,12,2800,200,0.004285714285714286,0.06
ta_20x15,ta,20x15,9,14,10,2800,200,0.0035714285714285713,0.05
ta_20x15,ta,20x15,10,0,14,2800,200,0.005,0.07
ta_20x15,ta,20x15,10,1,18,2800,200,0.0064285714285714285,0.09
ta_20x15,ta,20x15,10,2,14,2800,200,0.005,0.07
ta_20x15,ta,20x15,10,3,14,2800,200,0.005,0.07
ta_20x15,ta,20x15,10,4,10,2800,200,0.0035714285714285713,0.05
ta_20x15,ta,20x15,10,5,12,2800,200,0.004285714285714286,0.06
ta_20x15,ta,20x15,10,6,12,2800,200,0.004285714285714286,0.06
ta_20x15,ta,20x15,10,7,9,2800,200,0.0032142857142857142,0.045
ta_20x15,ta,20x15,10,8,11,2800,200,0.003928571428571429,0.055
ta_20x15,ta,20x15,10,9,14,2800,200,0.005,0.07
ta_20x15,ta,20x15,10,11,14,2800,200,0.005,0.07
ta_20x15,ta,20x15,10,12,11,2800,200,0.003928571428571429,0.055
ta_20x15,ta,20x15,10,13,14,2800,200,0.005,0.07
ta_20x15,ta,20x15,10,14,15,2800,200,0.005357142857142857,0.075
ta_20x15,ta,20x15,11,0,15,2800,200,0.005357142857142857,0.075
ta_20x15,ta,20x15,11,1,13,2800,200,0.004642857142857143,0.065
ta_20x15,ta,20x15,11,2,6,2800,200,0.002142857142857143,0.03
ta_20x15,ta,20x15,11,3,13,2800,200,0.004642857142857143,0.065
ta_20x15,ta,20x15,11,4,16,2800,200,0.005714285714285714,0.08
ta_20x15,ta,20x15,11,5,5,2800,200,0.0017857142857142857,0.025
ta_20x15,ta,20x15,11,6,9,2800,200,0.0032142857142857142,0.045
ta_20x15,ta,20x15,11,7,15,2800,200,0.005357142857142857,0.075
ta_20x15,ta,20x15,11,8,11,2800,200,0.003928571428571429,0.055
ta_20x15,ta,20x15,11,9,15,2800,200,0.005357142857142857,0.075
ta_20x15,ta,20x15,11,10,13,2800,200,0.004642857142857143,0.065
ta_20x15,ta,20x15,11,12,13,2800,200,0.004642857142857143,0.065
ta_20x15,ta,20x15,11,13,21,2800,200,0.0075,0.105
ta_20x15,ta,20x15,11,14,13,2800,200,0.004642857142857143,0.065
ta_20x15,ta,20x15,12,0,10,2800,200,0.0035714285714285713,0.05
ta_20x15,ta,20x15,12,1,12,2800,200,0.004285714285714286,0.06
ta_20x15,ta,20x15,12,2,15,2800,200,0.005357142857142857,0.075
ta_20x15,ta,20x15,12,3,17,2800,200,0.006071428571428571,0.085
ta_20x15,ta,20x15,12,4,19,2800,200,0.0067857142857142855,0.095
ta_20x15,ta,20x15,12,5,20,2800,200,0.007142857142857143,0.1
ta_20x15,ta,20x15,12,6,15,2800,200,0.005357142857142857,0.075
ta_20x15,ta,20x15,12,7,16,2800,200,0.005714285714285714,0.08
ta_20x15,ta,20x15,12,8,15,2800,200,0.005357142857142857,0.075
ta_20x15,ta,20x15,12,9,14,2800,200,0.005,0.07
ta_20x15,ta,20x15,12,10,9,2800,200,0.0032142857142857142,0.045
ta_20x15,ta,20x15,12,11,8,2800,200,0.002857142857142857,0.04
ta_20x15,ta,20x15,12,13,7,2800,200,0.0025,0.035
ta_20x15,ta,20x15,12,14,12,2800,200,0.004285714285714286,0.06
ta_20x15,ta,20x15,13,0,17,2800,200,0.006071428571428571,0.085
ta_20x15,ta,20x15,13,1,15,2800,200,0.005357142857142857,0.075
ta_20x15,ta,20x15,13,2,14,2800,200,0.005,0.07
ta_20x15,ta,20x15,13,3,12,2800,200,0.004285714285714286,0.06
ta_20x15,ta,20x15,13,4,13,2800,200,0.004642857142857143,0.065
ta_20x15,ta,20x15,13,5,9,2800,200,0.0032142857142857142,0.045
ta_20x15,ta,20x15,13,6,18,2800,200,0.0064285714285714285,0.09
ta_20x15,ta,20x15,13,7,10,2800,200,0.0035714285714285713,0.05
ta_20x15,ta,20x15,13,8,10,2800,200,0.0035714285714285713,0.05
ta_20x15,ta,20x15,13,9,13,2800,200,0.004642857142857143,0.065
ta_20x15,ta,20x15,13,10,16,2800,200,0.005714285714285714,0.08
ta_20x15,ta,20x15,13,11,21,2800,200,0.0075,0.105
ta_20x15,ta,20x15,13,12,13,2800,200,0.004642857142857143,0.065
ta_20x15,ta,20x15,13,14,6,2800,200,0.002142857142857143,0.03
ta_20x15,ta,20x15,14,0,13,2800,200,0.004642857142857143,0.065
ta_20x15,ta,20x15,14,1,8,2800,200,0.002857142857142857,0.04
ta_20x15,ta,20x15,14,2,15,2800,200,0.005357142857142857,0.075
ta_20x15,ta,20x15,14,3,8,2800,200,0.002857142857142857,0.04
ta_20x15,ta,20x15,14,4,9,2800,200,0.0032142857142857142,0.045
ta_20x15,ta,20x15,14,5,26,2800,200,0.009285714285714286,0.13
ta_20x15,ta,20x15,14,6,14,2800,200,0.005,0.07
ta_20x15,ta,20x15,14,7,18,2800,200,0.0064285714285714285,0.09
ta_20x15,ta,20x15,14,8,14,2800,200,0.005,0.07
ta_20x15,ta,20x15,14,9,8,2800,200,0.002857142857142857,0.04
ta_20x15,ta,20x15,14,10,17,2800,200,0.006071428571428571,0.085
ta_20x15,ta,20x15,14,11,16,2800,200,0.005714285714285714,0.08
ta_20x15,ta,20x15,14,12,10,2800,200,0.0035714285714285713,0.05
ta_20x15,ta,20x15,14,13,12,2800,200,0.004285714285714286,0.06
ta_20x20,ta,20x20,0,1,7,3800,200,0.0018421052631578947,0.035
ta_20x20,ta,20x20,0,2,16,3800,200,0.004210526315789474,0.08
ta_20x20,ta,20x20,0,3,10,3800,200,0.002631578947368421,0.05
ta_20x20,ta,20x20,0,4,8,3800,200,0.002105263157894737,0.04
ta_20x20,ta,20x20,0,5,17,3800,200,0.0044736842105263155,0.085
ta_20x20,ta,20x20,0,6,13,3800,200,0.0034210526315789475,0.065
ta_20x20,ta,20x20,0,7,8,3800,200,0.002105263157894737,0.04
ta_20x20,ta,20x20,0,8,12,3800,200,0.003157894736842105,0.06
ta_20x20,ta,20x20,0,9,14,3800,200,0.0036842105263157894,0.07
ta_20x20,ta,20x20,0,10,15,3800,200,0.003947368421052632,0.075
ta_20x20,ta,20x20,0,11,6,3800,200,0.0015789473684210526,0.03
ta_20x20,ta,20x20,0,12,4,3800,200,0.0010526315789473684,0.02
ta_20x20,ta,20x20,0,13,14,3800,200,0.0036842105263157894,0.07
ta_20x20,ta,20x20,0,14,6,3800,200,0.0015789473684210526,0.03
ta_20x20,ta,20x20,0,15,6,3800,200,0.0015789473684210526,0.03
ta_20x20,ta,20x20,0,16,12,3800,200,0.003157894736842105,0.06
ta_20x20,ta,20x20,0,17,9,3800,200,0.002368421052631579,0.045
ta_20x20,ta,20x20,0,18,9,3800,200,0.002368421052631579,0.045
ta_20x20,ta,20x20,0,19,5,3800,200,0.0013157894736842105,0.025
ta_20x20,ta,20x20,1,0,15,3800,200,0.003947368421052632,0.075
ta_20x20,ta,20x20,1,2,15,3800,200,0.003947368421052632,0.075
ta_20x20,ta,20x20,1,3,10,3800,200,0.002631578947368421,0.05
ta_20x20,ta,20x20,1,4,6,3800,200,0.0015789473684210526,0.03
ta_20x20,ta,20x20,1,5,8,3800,200,0.002105263157894737,0.04
ta_20x20,ta,20x20,1,6,12,3800,200,0.003157894736842105,0.06
ta_20x20,ta,20x20,1,7,8,3800,200,0.002105263157894737,0.04
ta_20x20,ta,20x20,1,8,9,3800,200,0.002368421052631579,0.045
ta_20x20,ta,20x20,1,9,10,3800,200,0.002631578947368421,0.05
ta_20x20,ta,20x20,1,10,14,3800,200,0.0036842105263157894,0.07
ta_20x20,ta,20x20,1,11,6,3800,200,0.0015789473684210526,0.03
ta_20x20,ta,20x20,1,12,7,3800,200,0.0018421052631578947,0.035
ta_20x20,ta,20x20,1,13,7,3800,200,0.0018421052631578947,0.035
ta_20x20,ta,20x20,1,14,5,3800,200,0.0013157894736842105,0.025
ta_20x20,ta,20x20,1,15,12,3800,200,0.003157894736842105,0.06
ta_20x20,ta,20x20,1,16,14,3800,200,0.0036842105263157894,0.07
ta_20x20,ta,20x20,1,17,9,3800,200,0.002368421052631579,0.045
ta_20x20,ta,20x20,1,18,12,3800,200,0.003157894736842105,0.06
ta_20x20,ta,20x20,1,19,14,3800,200,0.0036842105263157894,0.07
ta_20x20,ta,20x20,2,0,8,3800,200,0.002105263157894737,0.04
ta_20x20,ta,20x20,2,1,7,3800,200,0.0018421052631578947,0.035
ta_20x20,ta,20x20,2,3,9,3800,200,0.002368421052631579,0.045
ta_20x20,ta,20x20,2,4,6,3800,200,0.0015789473684210526,0.03
ta_20x20,ta,20x20,2,5,6,3800,200,0.0015789473684210526,0.03
ta_20x20,ta,20x20,2,6,3,3800,200,0.0007894736842105263,0.015
ta_20x20,ta,20x20,2,7,14,3800,200,0.0036842105263157894,0.07
ta_20x20,ta,20x20,2,8,5,3800,200,0.0013157894736842105,0.025
ta_20x20,ta,20x20,2,9,9,3800,200,0.002368421052631579,0.045
ta_20x20,ta,20x20,2,10,9,3800,200,0.002368421052631579,0.045
ta_20x20,ta,20x20,2,11,13,3800,200,0.0034210526315789475,0.065
ta_20x20,ta,20x20,2,12,8,3800,200,0.002105263157894737,0.04
ta_20x20,ta,20x20,2,13,14,3800,200,0.0036842105263157894,0.07
ta_20x20,ta,20x20,2,14,16,3800,200,0.004210526315789474,0.08
ta_20x20,ta,20x20,2,15,11,3800,200,0.0028947368421052633,0.055
ta_20x20,ta,20x20,2,16,8,3800,200,0.002105263157894737,0.04
ta_20x20,ta,20x20,2,17,14,3800,200,0.0036842105263157894,0.07
ta_20x20,ta,20x20,2,18,13,3800,200,0.0034210526315789475,0.065
ta_20x20,ta,20x20,2,19,13,3800,200,0.0034210526315789475,0.065
ta_20x20,ta,20x20,3,0,6,3800,200,0.0015789473684210526,0.03
ta_20x20,ta,20x20,3,1,14,3800,200,0.0036842105263157894,0.07
ta_20x20,ta,20x20,3,2,9,3800,200,0.002368421052631579,0.045
ta_20x20,ta,20x20,3,4,11,3800,200,0.0028947368421052633,0.055
ta_20x20,ta,20x20,3,5,9,3800,200,0.002368421052631579,0.045
ta_20x20,ta,20x20,3,6,9,3800,200,0.002368421052631579,0.045
ta_20x20,ta,20x20,3,7,9,3800,200,0.002368421052631579,0.045
ta_20x20,ta,20x20,3,8,10,3800,200,0.002631578947368421,0.05
ta_20x20,ta,20x20,3,9,8,3800,200,0.002105263157894737,0.04
ta_20x20,ta,20x20,3,10,12,3800,200,0.003157894736842105,0.06
ta_20x20,ta,20x20,3,11,9,3800,200,0.002368421052631579,0.045
ta_20x20,ta,20x20,3,12,16,3800,200,0.004210526315789474,0.08
ta_20x20,ta,20x20,3,13,6,3800,200,0.0015789473684210526,0.03
ta_20x20,ta,20x20,3,14,11,3800,200,0.0028947368421052633,0.055
ta_20x20,ta,20x20,3,15,17,3800,200,0.0044736842105263155,0.085
ta_20x20,ta,20x20,3,16,8,3800,200,0.002105263157894737,0.04
ta_20x20,ta,20x20,3,17,10,3800,200,0.002631578947368421,0.05
ta_20x20,ta,20x20,3,18,8,3800,200,0.002105263157894737,0.04
ta_20x20,ta,20x20,3,19,9,3800,200,0.002368421052631579,0.045
ta_20x20,ta,20x20,4,0,6,3800,200,0.0015789473684210526,0.03
ta_20x20,ta,20x20,4,1,8,3800,200,0.002105263157894737,0.04
ta_20x20,ta,20x20,4,2,12,3800,200,0.003157894736842105,0.06
ta_20x20,ta,20x20,4,3,13,3800,200,0.0034210526315789475,0.065
ta_20x20,ta,20x20,4,5,10,3800,200,0.002631578947368421,0.05
ta_20x20,ta,20x20,4,6,12,3800,200,0.003157894736842105,0.06
ta_20x20,ta,20x20,4,7,7,3800,200,0.0018421052631578947,0.035
ta_20x20,ta,20x20,4,8,11,3800,200,0.0028947368421052633,0.055
ta_20x20,ta,20x20,4,9,9,3800,200,0.002368421052631579,0.045
ta_20x20,ta,20x20,4,10,10,3800,200,0.002631578947368421,0.05
ta_20x20,ta,20x20,4,11,11,3800,200,0.0028947368421052633,0.055
ta_20x20,ta,20x20,4,12,9,3800,200,0.002368421052631579,0.045
ta_20x20,ta,20x20,4,13,11,3800,200,0.0028947368421052633,0.055
ta_20x20,ta,20x20,4,14,10,3800,200,0.002631578947368421,0.05
ta_20x20,ta,20x20,4,15,10,3800,200,0.002631578947368421,0.05
ta_20x20,ta,20x20,4,16,12,3800,200,0.003157894736842105,0.06
ta_20x20,ta,20x20,4,17,10,3800,200,0.002631578947368421,0.05
ta_20x20,ta,20x20,4,18,6,3800,200,0.0015789473684210526,0.03
ta_20x20,ta,20x20,4,19,11,3800,200,0.0028947368421052633,0.055
ta_20x20,ta,20x20,5,0,9,3800,200,0.002368421052631579,0.045
ta_20x20,ta,20x20,5,1,8,3800,200,0.002105263157894737,0.04
ta_20x20,ta,20x20,5,2,9,3800,200,0.002368421052631579,0.045
ta_20x20,ta,20x20,5,3,13,3800,200,0.0034210526315789475,0.065
ta_20x20,ta,20x20,5,4,13,3800,200,0.0034210526315789475,0.065
ta_20x20,ta,20x20,5,6,19,3800,200,0.005,0.095
ta_20x20,ta,20x20,5,7,8,3800,200,0.002105263157894737,0.04
ta_20x20,ta,20x20,5,8,14,3800,200,0.0036842105263157894,0.07
ta_20x20,ta,20x20,5,9,12,3800,200,0.003157894736842105,0.06
ta_20x20,ta,20x20,5,10,11,3800,200,0.0028947368421052633,0.055
ta_20x20,ta,20x20,5,11,7,3800,200,0.0018421052631578947,0.035
ta_20x20,ta,20x20,5,12,16,3800,200,0.004210526315789474,0.08
ta_20x20,ta,20x20,5,13,6,3800,200,0.0015789473684210526,0.03
ta_20x20,ta,20x20,5,14,11,3800,200,0.0028947368421052633,0.055
ta_20x20,ta,20x20,5,15,5,3800,200,0.0013157894736842105,0.025
ta_20x20,ta,20x20,5,16,6,3800,200,0.0015789473684210526,0.03
ta_20x20,ta,20x20,5,17,6,3800,200,0.0015789473684210526,0.03
ta_20x20,ta,20x20,5,18,8,3800,200,0.002105263157894737,0.04
ta_20x20,ta,20x20,5,19,9,3800,200,0.002368421052631579,0.045
ta_20x20,ta,20x20,6,0,9,3800,200,0.002368421052631579,0.045
ta_20x20,ta,20x20,6,1,12,3800,200,0.003157894736842105,0.06
ta_20x20,ta,20x20,6,2,10,3800,200,0.002631578947368421,0.05
ta_20x20,ta,20x20,6,3,13,3800,200,0.0034210526315789475,0.065
ta_20x20,ta,20x20,6,4,7,3800,200,0.0018421052631578947,0.035
ta_20x20,ta,20x20,6,5,11,3800,200,0.0028947368421052633,0.055
ta_20x20,ta,20x20,6,7,14,3800,200,0.0036842105263157894,0.07
ta_20x20,ta,20x20,6,8,14,3800,200,0.0036842105263157894,0.07
ta_20x20,ta,20x20,6,9,8,3800,200,0.002105263157894737,0.04
ta_20x20,ta,20x20,6,10,6,3800,200,0.0015789473684210526,0.03
ta_20x20,ta,20x20,6,11,6,3800,200,0.0015789473684210526,0.03
ta_20x20,ta,20x20,6,12,10,3800,200,0.002631578947368421,0.05
ta_20x20,ta,20x20,6,13,7,3800,200,0.0018421052631578947,0.035
ta_20x20,ta,20x20,6,14,8,3800,200,0.002105263157894737,0.04
ta_20x20,ta,20x20,6,15,10,3800,200,0.002631578947368421,0.05
ta_20x20,ta,20x20,6,16,12,3800,200,0.003157894736842105,0.06
ta_20x20,ta,20x20,6,17,7,3800,200,0.0018421052631578947,0.035
ta_20x20,ta,20x20,6,18,9,3800,200,0.002368421052631579,0.045
ta_20x20,ta,20x20,6,19,16,3800,200,0.004210526315789474,0.08
ta_20x20,ta,20x20,7,0,11,3800,200,0.0028947368421052633,0.055
ta_20x20,ta,20x20,7,1,8,3800,200,0.002105263157894737,0.04
ta_20x20,ta,20x20,7,2,12,3800,200,0.003157894736842105,0.06
ta_20x20,ta,20x20,7,3,6,3800,200,0.0015789473684210526,0.03
ta_20x20,ta,20x20,7,4,15,3800,200,0.003947368421052632,0.075
ta_20x20,ta,20x20,7,5,8,3800,200,0.002105263157894737,0.04
ta_20x20,ta,20x20,7,6,10,3800,200,0.002631578947368421,0.05
ta_20x20,ta,20x20,7,8,12,3800,200,0.003157894736842105,0.06
ta_20x20,ta,20x20,7,9,9,3800,200,0.002368421052631579,0.045
ta_20x20,ta,20x20,7,10,10,3800,200,0.002631578947368421,0.05
ta_20x20,ta,20x20,7,11,10,3800,200,0.002631578947368421,0.05
ta_20x20,ta,20x20,7,12,11,3800,200,0.0028947368421052633,0.055
ta_20x20,ta,20x20,7,13,9,3800,200,0.002368421052631579,0.045
ta_20x20,ta,20x20,7,14,9,3800,200,0.002368421052631579,0.045
ta_20x20,ta,20x20,7,15,7,3800,200,0.0018421052631578947,0.035
ta_20x20,ta,20x20,7,16,6,3800,200,0.0015789473684210526,0.03
ta_20x20,ta,20x20,7,17,14,3800,200,0.0036842105263157894,0.07
ta_20x20,ta,20x20,7,18,17,3800,200,0.0044736842105263155,0.085
ta_20x20,ta,20x20,7,19,7,3800,200,0.0018421052631578947,0.035
ta_20x20,ta,20x20,8,0,8,3800,200,0.002105263157894737,0.04
ta_20x20,ta,20x20,8,1,10,3800,200,0.002631578947368421,0.05
ta_20x20,ta,20x20,8,2,9,3800,200,0.002368421052631579,0.045
ta_20x20,ta,20x20,8,3,8,3800,200,0.002105263157894737,0.04
ta_20x20,ta,20x20,8,4,13,3800,200,0.0034210526315789475,0.065
ta_20x20,ta,20x20,8,5,5,3800,200,0.0013157894736842105,0.025
ta_20x20,ta,20x20,8,6,11,3800,200,0.0028947368421052633,0.055
ta_20x20,ta,20x20,8,7,9,3800,200,0.002368421052631579,0.045
ta_20x20,ta,20x20,8,9,16,3800,200,0.004210526315789474,0.08
ta_20x20,ta,20x20,8,10,6,3800,200,0.0015789473684210526,0.03
ta_20x20,ta,20x20,8,11,5,3800,200,0.0013157894736842105,0.025
ta_20x20,ta,20x20,8,12,13,3800,200,0.0034210526315789475,0.065
ta_20x20,ta,20x20,8,13,15,3800,200,0.003947368421052632,0.075
ta_20x20,ta,20x20,8,14,12,3800,200,0.003157894736842105,0.06
ta_20x20,ta,20x20,8,15,11,3800,200,0.0028947368421052633,0.055
ta_20x20,ta,20x20,8,16,4,3800,200,0.0010526315789473684,0.02
ta_20x20,ta,20x20,8,17,10,3800,200,0.002631578947368421,0.05
ta_20x20,ta,20x20,8,18,11,3800,200,0.0028947368421052633,0.055
ta_20x20,ta,20x20,8,19,10,3800,200,0.002631578947368421,0.05
ta_20x20,ta,20x20,9,0,10,3800,200,0.002631578947368421,0.05
ta_20x20,ta,20x20,9,1,7,3800,200,0.0018421052631578947,0.035
ta_20x20,ta,20x20,9,2,13,3800,200,0.0034210526315789475,0.065
ta_20x20,ta,20x20,9,3,11,3800,200,0.0028947368421052633,0.055
ta_20x20,ta,20x20,9,4,8,3800,200,0.002105263157894737,0.04
ta_20x20,ta,20x20,9,5,11,3800,200,0.0028947368421052633,0.055
ta_20x20,ta,20x20,9,6,6,3800,200,0.0015789473684210526,0.03
ta_20x20,ta,20x20,9,7,10,3800,200,0.002631578947368421,0.05
ta_20x20,ta,20x20,9,8,6,3800,200,0.0015789473684210526,0.03
ta_20x20,ta,20x20,9,10,8,3800,200,0.002105263157894737,0.04
ta_20x20,ta,20x20,9,11,10,3800,200,0.002631578947368421,0.05
ta_20x20,ta,20x20,9,12,12,3800,200,0.003157894736842105,0.06
ta_20x20,ta,20x20,9,13,10,3800,200,0.002631578947368421,0.05
ta_20x20,ta,20x20,9,14,6,3800,200,0.0015789473684210526,0.03
ta_20x20,ta,20x20,9,15,10,3800,200,0.002631578947368421,0.05
ta_20x20,ta,20x20,9,16,11,3800,200,0.0028947368421052633,0.055
ta_20x20,ta,20x20,9,17,7,3800,200,0.0018421052631578947,0.035
ta_20x20,ta,20x20,9,18,18,3800,200,0.004736842105263158,0.09
ta_20x20,ta,20x20,9,19,16,3800,200,0.004210526315789474,0.08
ta_20x20,ta,20x20,10,0,6,3800,200,0.0015789473684210526,0.03
ta_20x20,ta,20x20,10,1,11,3800,200,0.0028947368421052633,0.055
ta_20x20,ta,20x20,10,2,14,3800,200,0.0036842105263157894,0.07
ta_20x20,ta,20x20,10,3,14,3800,200,0.0036842105263157894,0.07
ta_20x20,ta,20x20,10,4,5,3800,200,0.0013157894736842105,0.025
ta_20x20,ta,20x20,10,5,12,3800,200,0.003157894736842105,0.06
ta_20x20,ta,20x20,10,6,11,3800,200,0.0028947368421052633,0.055
ta_20x20,ta,20x20,10,7,11,3800,200,0.0028947368421052633,0.055
ta_20x20,ta,20x20,10,8,11,3800,200,0.0028947368421052633,0.055
ta_20x20,ta,20x20,10,9,14,3800,200,0.0036842105263157894,0.07
ta_20x20,ta,20x20,10,11,11,3800,200,0.0028947368421052633,0.055
ta_20x20,ta,20x20,10,12,8,3800,200,0.002105263157894737,0.04
ta_20x20,ta,20x20,10,13,9,3800,200,0.002368421052631579,0.045
ta_20x20,ta,20x20,10,14,10,3800,200,0.002631578947368421,0.05
ta_20x20,ta,20x20,10,15,9,3800,200,0.002368421052631579,0.045
ta_20x20,ta,20x20,10,16,10,3800,200,0.002631578947368421,0.05
ta_20x20,ta,20x20,10,17,7,3800,200,0.0018421052631578947,0.035
ta_20x20,ta,20x20,10,18,12,3800,200,0.003157894736842105,0.06
ta_20x20,ta,20x20,10,19,9,3800,200,0.002368421052631579,0.045
ta_20x20,ta,20x20,11,0,10,3800,200,0.002631578947368421,0.05
ta_20x20,ta,20x20,11,1,12,3800,200,0.003157894736842105,0.06
ta_20x20,ta,20x20,11,2,6,3800,200,0.0015789473684210526,0.03
ta_20x20,ta,20x20,11,3,11,3800,200,0.0028947368421052633,0.055
ta_20x20,ta,20x20,11,4,9,3800,200,0.002368421052631579,0.045
ta_20x20,ta,20x20,11,5,11,3800,200,0.0028947368421052633,0.055
ta_20x20,ta,20x20,11,6,8,3800,200,0.002105263157894737,0.04
ta_20x20,ta,20x20,11,7,12,3800,200,0.003157894736842105,0.06
ta_20x20,ta,20x20,11,8,9,3800,200,0.002368421052631579,0.045
ta_20x20,ta,20x20,11,9,10,3800,200,0.002631578947368421,0.05
ta_20x20,ta,20x20,11,10,11,3800,200,0.0028947368421052633,0.055
ta_20x20,ta,20x20,11,12,6,3800,200,0.0015789473684210526,0.03
ta_20x20,ta,20x20,11,13,7,3800,200,0.0018421052631578947,0.035
ta_20x20,ta,20x20,11,14,12,3800,200,0.003157894736842105,0.06
ta_20x20,ta,20x20,11,15,12,3800,200,0.003157894736842105,0.06
ta_20x20,ta,20x20,11,16,12,3800,200,0.003157894736842105,0.06
ta_20x20,ta,20x20,11,17,15,3800,200,0.003947368421052632,0.075
ta_20x20,ta,20x20,11,18,7,3800,200,0.0018421052631578947,0.035
ta_20x20,ta,20x20,11,19,12,3800,200,0.003157894736842105,0.06
ta_20x20,ta,20x20,12,0,11,3800,200,0.0028947368421052633,0.055
ta_20x20,ta,20x20,12,1,9,3800,200,0.002368421052631579,0.045
ta_20x20,ta,20x20,12,2,8,3800,200,0.002105263157894737,0.04
ta_20x20,ta,20x20,12,3,3,3800,200,0.0007894736842105263,0.015
ta_20x20,ta,20x20,12,4,14,3800,200,0.0036842105263157894,0.07
ta_20x20,ta,20x20,12,5,14,3800,200,0.0036842105263157894,0.07
ta_20x20,ta,20x20,12,6,14,3800,200,0.0036842105263157894,0.07
ta_20x20,ta,20x20,12,7,14,3800,200,0.0036842105263157894,0.07
ta_20x20,ta,20x20,12,8,9,3800,200,0.002368421052631579,0.045
ta_20x20,ta,20x20,12,9,14,3800,200,0.0036842105263157894,0.07
ta_20x20,ta,20x20,12,10,5,3800,200,0.0013157894736842105,0.025
ta_20x20,ta,20x20,12,11,8,3800,200,0.002105263157894737,0.04
ta_20x20,ta,20x20,12,13,13,3800,200,0.0034210526315789475,0.065
ta_20x20,ta,20x20,12,14,7,3800,200,0.0018421052631578947,0.035
ta_20x20,ta,20x20,12,15,13,3800,200,0.0034210526315789475,0.065
ta_20x20,ta,20x20,12,16,9,3800,200,0.002368421052631579,0.045
ta_20x20,ta,20x20,12,17,10,3800,200,0.002631578947368421,0.05
ta_20x20,ta,20x20,12,18,9,3800,200,0.002368421052631579,0.045
ta_20x20,ta,20x20,12,19,4,3800,200,0.0010526315789473684,0.02
ta_20x20,ta,20x20,13,0,7,3800,200,0.0018421052631578947,0.035
ta_20x20,ta,20x20,13,1,12,3800,200,0.003157894736842105,0.06
ta_20x20,ta,20x20,13,2,10,3800,200,0.002631578947368421,0.05
ta_20x20,ta,20x20,13,3,10,3800,200,0.002631578947368421,0.05
ta_20x20,ta,20x20,13,4,11,3800,200,0.0028947368421052633,0.055
ta_20x20,ta,20x20,13,5,9,3800,200,0.002368421052631579,0.045
ta_20x20,ta,20x20,13,6,7,3800,200,0.0018421052631578947,0.035
ta_20x20,ta,20x20,13,7,12,3800,200,0.003157894736842105,0.06
ta_20x20,ta,20x20,13,8,5,3800,200,0.0013157894736842105,0.025
ta_20x20,ta,20x20,13,9,11,3800,200,0.0028947368421052633,0.055
ta_20x20,ta,20x20,13,10,5,3800,200,0.0013157894736842105,0.025
ta_20x20,ta,20x20,13,11,15,3800,200,0.003947368421052632,0.075
ta_20x20,ta,20x20,13,12,4,3800,200,0.0010526315789473684,0.02
ta_20x20,ta,20x20,13,14,12,3800,200,0.003157894736842105,0.06
ta_20x20,ta,20x20,13,15,10,3800,200,0.002631578947368421,0.05
ta_20x20,ta,20x20,13,16,17,3800,200,0.0044736842105263155,0.085
ta_20x20,ta,20x20,13,17,9,3800,200,0.002368421052631579,0.045
ta_20x20,ta,20x20,13,18,9,3800,200,0.002368421052631579,0.045
ta_20x20,ta,20x20,13,19,14,3800,200,0.0036842105263157894,0.07
ta_20x20,ta,20x20,14,0,11,3800,200,0.0028947368421052633,0.055
ta_20x20,ta,20x20,14,1,8,3800,200,0.002105263157894737,0.04
ta_20x20,ta,20x20,14,2,13,3800,200,0.0034210526315789475,0.065
ta_20x20,ta,20x20,14,3,10,3800,200,0.002631578947368421,0.05
ta_20x20,ta,20x20,14,4,6,3800,200,0.0015789473684210526,0.03
ta_20x20,ta,20x20,14,5,11,3800,200,0.0028947368421052633,0.055
ta_20x20,ta,20x20,14,6,11,3800,200,0.0028947368421052633,0.055
ta_20x20,ta,20x20,14,7,10,3800,200,0.002631578947368421,0.05
ta_20x20,ta,20x20,14,8,13,3800,200,0.0034210526315789475,0.065
ta_20x20,ta,20x20,14,9,7,3800,200,0.0018421052631578947,0.035
ta_20x20,ta,20x20,14,10,8,3800,200,0.002105263157894737,0.04
ta_20x20,ta,20x20,14,11,11,3800,200,0.0028947368421052633,0.055
ta_20x20,ta,20x20,14,12,13,3800,200,0.0034210526315789475,0.065
ta_20x20,ta,20x20,14,13,10,3800,200,0.002631578947368421,0.05
ta_20x20,ta,20x20,14,15,9,3800,200,0.002368421052631579,0.045
ta_20x20,ta,20x20,14,16,10,3800,200,0.002631578947368421,0.05
ta_20x20,ta,20x20,14,17,9,3800,200,0.002368421052631579,0.045
ta_20x20,ta,20x20,14,18,8,3800,200,0.002105263157894737,0.04
ta_20x20,ta,20x20,14,19,10,3800,200,0.002631578947368421,0.05
ta_20x20,ta,20x20,15,0,14,3800,200,0.0036842105263157894,0.07
ta_20x20,ta,20x20,15,1,16,3800,200,0.004210526315789474,0.08
ta_20x20,ta,20x20,15,2,8,3800,200,0.002105263157894737,0.04
ta_20x20,ta,20x20,15,3,9,3800,200,0.002368421052631579,0.045
ta_20x20,ta,20x20,15,4,13,3800,200,0.0034210526315789475,0.065
ta_20x20,ta,20x20,15,5,9,3800,200,0.002368421052631579,0.045
ta_20x20,ta,20x20,15,6,8,3800,200,0.002105263157894737,0.04
ta_20x20,ta,20x20,15,7,10,3800,200,0.002631578947368421,0.05
ta_20x20,ta,20x20,15,8,8,3800,200,0.002105263157894737,0.04
ta_20x20,ta,20x20,15,9,4,3800,200,0.0010526315789473684,0.02
ta_20x20,ta,20x20,15,10,14,3800,200,0.0036842105263157894,0.07
ta_20x20,ta,20x20,15,11,10,3800,200,0.002631578947368421,0.05
ta_20x20,ta,20x20,15,12,11,3800,200,0.0028947368421052633,0.055
ta_20x20,ta,20x20,15,13,9,3800,200,0.002368421052631579,0.045
ta_20x20,ta,20x20,15,14,10,3800,200,0.002631578947368421,0.05
ta_20x20,ta,20x20,15,16,14,3800,200,0.0036842105263157894,0.07
ta_20x20,ta,20x20,15,17,6,3800,200,0.0015789473684210526,0.03
ta_20x20,ta,20x20,15,18,8,3800,200,0.002105263157894737,0.04
ta_20x20,ta,20x20,15,19,12,3800,200,0.003157894736842105,0.06
ta_20x20,ta,20x20,16,0,17,3800,200,0.0044736842105263155,0.085
ta_20x20,ta,20x20,16,1,9,3800,200,0.002368421052631579,0.045
ta_20x20,ta,20x20,16,2,3,3800,200,0.0007894736842105263,0.015
ta_20x20,ta,20x20,16,3,7,3800,200,0.0018421052631578947,0.035
ta_20x20,ta,20x20,16,4,10,3800,200,0.002631578947368421,0.05
ta_20x20,ta,20x20,16,5,7,3800,200,0.0018421052631578947,0.035
ta_20x20,ta,20x20,16,6,6,3800,200,0.0015789473684210526,0.03
ta_20x20,ta,20x20,16,7,9,3800,200,0.002368421052631579,0.045
ta_20x20,ta,20x20,16,8,14,3800,200,0.0036842105263157894,0.07
ta_20x20,ta,20x20,16,9,6,3800,200,0.0015789473684210526,0.03
ta_20x20,ta,20x20,16,10,15,3800,200,0.003947368421052632,0.075
ta_20x20,ta,20x20,16,11,7,3800,200,0.0018421052631578947,0.035
ta_20x20,ta,20x20,16,12,13,3800,200,0.0034210526315789475,0.065
ta_20x20,ta,20x20,16,13,15,3800,200,0.003947368421052632,0.075
ta_20x20,ta,20x20,16,14,16,3800,200,0.004210526315789474,0.08
ta_20x20,ta,20x20,16,15,11,3800,200,0.0028947368421052633,0.055
ta_20x20,ta,20x20,16,17,8,3800,200,0.002105263157894737,0.04
ta_20x20,ta,20x20,16,18,10,3800,200,0.002631578947368421,0.05
ta_20x20,ta,20x20,16,19,9,3800,200,0.002368421052631579,0.045
ta_20x20,ta,20x20,17,0,12,3800,200,0.003157894736842105,0.06
ta_20x20,ta,20x20,17,1,7,3800,200,0.0018421052631578947,0.035
ta_20x20,ta,20x20,17,2,9,3800,200,0.002368421052631579,0.045
ta_20x20,ta,20x20,17,3,5,3800,200,0.0013157894736842105,0.025
ta_20x20,ta,20x20,17,4,8,3800,200,0.002105263157894737,0.04
ta_20x20,ta,20x20,17,5,9,3800,200,0.002368421052631579,0.045
ta_20x20,ta,20x20,17,6,13,3800,200,0.0034210526315789475,0.065
ta_20x20,ta,20x20,17,7,10,3800,200,0.002631578947368421,0.05
ta_20x20,ta,20x20,17,8,11,3800,200,0.0028947368421052633,0.055
ta_20x20,ta,20x20,17,9,13,3800,200,0.0034210526315789475,0.065
ta_20x20,ta,20x20,17,10,11,3800,200,0.0028947368421052633,0.055
ta_20x20,ta,20x20,17,11,11,3800,200,0.0028947368421052633,0.055
ta_20x20,ta,20x20,17,12,8,3800,200,0.002105263157894737,0.04
ta_20x20,ta,20x20,17,13,10,3800,200,0.002631578947368421,0.05
ta_20x20,ta,20x20,17,14,11,3800,200,0.0028947368421052633,0.055
ta_20x20,ta,20x20,17,15,9,3800,200,0.002368421052631579,0.045
ta_20x20,ta,20x20,17,16,13,3800,200,0.0034210526315789475,0.065
ta_20x20,ta,20x20,17,18,11,3800,200,0.0028947368421052633,0.055
ta_20x20,ta,20x20,17,19,7,3800,200,0.0018421052631578947,0.035
ta_20x20,ta,20x20,18,0,13,3800,200,0.0034210526315789475,0.065
ta_20x20,ta,20x20,18,1,15,3800,200,0.003947368421052632,0.075
ta_20x20,ta,20x20,18,2,5,3800,200,0.0013157894736842105,0.025
ta_20x20,ta,20x20,18,3,12,3800,200,0.003157894736842105,0.06
ta_20x20,ta,20x20,18,4,12,3800,200,0.003157894736842105,0.06
ta_20x20,ta,20x20,18,5,7,3800,200,0.0018421052631578947,0.035
ta_20x20,ta,20x20,18,6,6,3800,200,0.0015789473684210526,0.03
ta_20x20,ta,20x20,18,7,6,3800,200,0.0015789473684210526,0.03
ta_20x20,ta,20x20,18,8,11,3800,200,0.0028947368421052633,0.055
ta_20x20,ta,20x20,18,9,10,3800,200,0.002631578947368421,0.05
ta_20x20,ta,20x20,18,10,7,3800,200,0.0018421052631578947,0.035
ta_20x20,ta,20x20,18,11,10,3800,200,0.002631578947368421,0.05
ta_20x20,ta,20x20,18,12,9,3800,200,0.002368421052631579,0.045
ta_20x20,ta,20x20,18,13,12,3800,200,0.003157894736842105,0.06
ta_20x20,ta,20x20,18,14,11,3800,200,0.0028947368421052633,0.055
ta_20x20,ta,20x20,18,15,15,3800,200,0.003947368421052632,0.075
ta_20x20,ta,20x20,18,16,11,3800,200,0.0028947368421052633,0.055
ta_20x20,ta,20x20,18,17,10,3800,200,0.002631578947368421,0.05
ta_20x20,ta,20x20,18,19,6,3800,200,0.0015789473684210526,0.03
ta_20x20,ta,20x20,19,0,6,3800,200,0.0015789473684210526,0.03
ta_20x20,ta,20x20,19,1,12,3800,200,0.003157894736842105,0.06
ta_20x20,ta,20x20,19,2,8,3800,200,0.002105263157894737,0.04
ta_20x20,ta,20x20,19,3,15,3800,200,0.003947368421052632,0.075
ta_20x20,ta,20x20,19,4,14,3800,200,0.0036842105263157894,0.07
ta_20x20,ta,20x20,19,5,18,3800,200,0.004736842105263158,0.09
ta_20x20,ta,20x20,19,6,12,3800,200,0.003157894736842105,0.06
ta_20x20,ta,20x20,19,7,6,3800,200,0.0015789473684210526,0.03
ta_20x20,ta,20x20,19,8,3,3800,200,0.0007894736842105263,0.015
ta_20x20,ta,20x20,19,9,8,3800,200,0.002105263157894737,0.04
ta_20x20,ta,20x20,19,10,11,3800,200,0.0028947368421052633,0.055
ta_20x20,ta,20x20,19,11,17,3800,200,0.0044736842105263155,0.085
ta_20x20,ta,20x20,19,12,14,3800,200,0.0036842105263157894,0.07
ta_20x20,ta,20x20,19,13,8,3800,200,0.002105263157894737,0.04
ta_20x20,ta,20x20,19,14,11,3800,200,0.0028947368421052633,0.055
ta_20x20,ta,20x20,19,15,5,3800,200,0.0013157894736842105,0.025
ta_20x20,ta,20x20,19,16,7,3800,200,0.0018421052631578947,0.035
ta_20x20,ta,20x20,19,17,11,3800,200,0.0028947368421052633,0.055
ta_20x20,ta,20x20,19,18,7,3800,200,0.0018421052631578947,0.035
ta_30x15,ta,30x15,0,1,19,4200,300,0.004523809523809524,0.06333333333333334
ta_30x15,ta,30x15,0,2,16,4200,300,0.0038095238095238095,0.05333333333333334
ta_30x15,ta,30x15,0,3,21,4200,300,0.005,0.07
ta_30x15,ta,30x15,0,4,18,4200,300,0.004285714285714286,0.06
ta_30x15,ta,30x15,0,5,23,4200,300,0.0054761904761904765,0.07666666666666666
ta_30x15,ta,30x15,0,6,21,4200,300,0.005,0.07
ta_30x15,ta,30x15,0,7,21,4200,300,0.005,0.07
ta_30x15,ta,30x15,0,8,15,4200,300,0.0035714285714285713,0.05
ta_30x15,ta,30x15,0,9,26,4200,300,0.006190476190476191,0.08666666666666667
ta_30x15,ta,30x15,0,10,18,4200,300,0.004285714285714286,0.06
ta_30x15,ta,30x15,0,11,16,4200,300,0.0038095238095238095,0.05333333333333334
ta_30x15,ta,30x15,0,12,20,4200,300,0.004761904761904762,0.06666666666666667
ta_30x15,ta,30x15,0,13,19,4200,300,0.004523809523809524,0.06333333333333334
ta_30x15,ta,30x15,0,14,20,4200,300,0.004761904761904762,0.06666666666666667
ta_30x15,ta,30x15,1,0,21,4200,300,0.005,0.07
ta_30x15,ta,30x15,1,2,16,4200,300,0.0038095238095238095,0.05333333333333334
ta_30x15,ta,30x15,1,3,22,4200,300,0.005238095238095238,0.07333333333333333
ta_30x15,ta,30x15,1,4,32,4200,300,0.007619047619047619,0.10666666666666667
ta_30x15,ta,30x15,1,5,20,4200,300,0.004761904761904762,0.06666666666666667
ta_30x15,ta,30x15,1,6,27,4200,300,0.0064285714285714285,0.09
ta_30x15,ta,30x15,1,7,21,4200,300,0.005,0.07
ta_30x15,ta,30x15,1,8,9,4200,300,0.002142857142857143,0.03
ta_30x15,ta,30x15,1,9,18,4200,300,0.004285714285714286,0.06
ta_30x15,ta,30x15,1,10,23,4200,300,0.0054761904761904765,0.07666666666666666
ta_30x15,ta,30x15,1,11,15,4200,300,0.0035714285714285713,0.05
ta_30x15,ta,30x15,1,12,17,4200,300,0.004047619047619047,0.056666666666666664
ta_30x15,ta,30x15,1,13,23,4200,300,0.0054761904761904765,0.07666666666666666
ta_30x15,ta,30x15,1,14,18,4200,300,0.004285714285714286,0.06
ta_30x15,ta,30x15,2,0,25,4200,300,0.005952380952380952,0.08333333333333333
ta_30x15,ta,30x15,2,1,20,4200,300,0.004761904761904762,0.06666666666666667
ta_30x15,ta,30x15,2,3,22,4200,300,0.005238095238095238,0.07333333333333333
ta_30x15,ta,30x15,2,4,13,4200,300,0.0030952380952380953,0.043333333333333335
ta_30x15,ta,30x15,2,5,15,4200,300,0.0035714285714285713,0.05
ta_30x15,ta,30x15,2,6,28,4200,300,0.006666666666666667,0.09333333333333334
ta_30x15,ta,30x15,2,7,18,4200,300,0.004285714285714286,0.06
ta_30x15,ta,30x15,2,8,25,4200,300,0.005952380952380952,0.08333333333333333
ta_30x15,ta,30x15,2,9,26,4200,300,0.006190476190476191,0.08666666666666667
ta_30x15,ta,30x15,2,10,12,4200,300,0.002857142857142857,0.04
ta_30x15,ta,30x15,2,11,16,4200,300,0.0038095238095238095,0.05333333333333334
ta_30x15,ta,30x15,2,12,19,4200,300,0.004523809523809524,0.06333333333333334
ta_30x15,ta,30x15,2,13,15,4200,300,0.0035714285714285713,0.05
ta_30x15,ta,30x15,2,14,28,4200,300,0.006666666666666667,0.09333333333333334
ta_30x15,ta,30x15,3,0,21,4200,300,0.005,0.07
ta_30x15,ta,30x15,3,1,23,4200,300,0.0054761904761904765,0.07666666666666666
ta_30x15,ta,30x15,3,2,24,4200,300,0.005714285714285714,0.08
ta_30x15,ta,30x15,3,4,16,4200,300,0.0038095238095238095,0.05333333333333334
ta_30x15,ta,30x15,3,5,21,4200,300,0.005,0.07
ta_30x15,ta,30x15,3,6,17,4200,300,0.004047619047619047,0.056666666666666664
ta_30x15,ta,30x15,3,7,17,4200,300,0.004047619047619047,0.056666666666666664
ta_30x15,ta,30x15,3,8,31,4200,300,0.007380952380952381,0.10333333333333333
ta_30x15,ta,30x15,3,9,16,4200,300,0.0038095238095238095,0.05333333333333334
ta_30x15,ta,30x15,3,10,15,4200,300,0.0035714285714285713,0.05
ta_30x15,ta,30x15,3,11,20,4200,300,0.004761904761904762,0.06666666666666667
ta_30x15,ta,30x15,3,12,19,4200,300,0.004523809523809524,0.06333333333333334
ta_30x15,ta,30x15,3,13,19,4200,300,0.004523809523809524,0.06333333333333334
ta_30x15,ta,30x15,3,14,16,4200,300,0.0038095238095238095,0.05333333333333334
ta_30x15,ta,30x15,4,0,15,4200,300,0.0035714285714285713,0.05
ta_30x15,ta,30x15,4,1,16,4200,300,0.0038095238095238095,0.05333333333333334
ta_30x15,ta,30x15,4,2,20,4200,300,0.004761904761904762,0.06666666666666667
ta_30x15,ta,30x15,4,3,20,4200,300,0.004761904761904762,0.06666666666666667
ta_30x15,ta,30x15,4,5,15,4200,300,0.0035714285714285713,0.05
ta_30x15,ta,30x15,4,6,20,4200,300,0.004761904761904762,0.06666666666666667
ta_30x15,ta,30x15,4,7,22,4200,300,0.005238095238095238,0.07333333333333333
ta_30x15,ta,30x15,4,8,20,4200,300,0.004761904761904762,0.06666666666666667
ta_30x15,ta,30x15,4,9,24,4200,300,0.005714285714285714,0.08
ta_30x15,ta,30x15,4,10,25,4200,300,0.005952380952380952,0.08333333333333333
ta_30x15,ta,30x15,4,11,23,4200,300,0.0054761904761904765,0.07666666666666666
ta_30x15,ta,30x15,4,12,17,4200,300,0.004047619047619047,0.056666666666666664
ta_30x15,ta,30x15,4,13,14,4200,300,0.0033333333333333335,0.04666666666666667
ta_30x15,ta,30x15,4,14,24,4200,300,0.005714285714285714,0.08
ta_30x15,ta,30x15,5,0,21,4200,300,0.005,0.07
ta_30x15,ta,30x15,5,1,25,4200,300,0.005952380952380952,0.08333333333333333
ta_30x15,ta,30x15,5,2,29,4200,300,0.006904761904761905,0.09666666666666666
ta_30x15,ta,30x15,5,3,21,4200,300,0.005,0.07
ta_30x15,ta,30x15,5,4,24,4200,300,0.005714285714285714,0.08
ta_30x15,ta,30x15,5,6,21,4200,300,0.005,0.07
ta_30x15,ta,30x15,5,7,17,4200,300,0.004047619047619047,0.056666666666666664
ta_30x15,ta,30x15,5,8,22,4200,300,0.005238095238095238,0.07333333333333333
ta_30x15,ta,30x15,5,9,12,4200,300,0.002857142857142857,0.04
ta_30x15,ta,30x15,5,10,20,4200,300,0.004761904761904762,0.06666666666666667
ta_30x15,ta,30x15,5,11,23,4200,300,0.0054761904761904765,0.07666666666666666
ta_30x15,ta,30x15,5,12,19,4200,300,0.004523809523809524,0.06333333333333334
ta_30x15,ta,30x15,5,13,21,4200,300,0.005,0.07
ta_30x15,ta,30x15,5,14,14,4200,300,0.0033333333333333335,0.04666666666666667
ta_30x15,ta,30x15,6,0,14,4200,300,0.0033333333333333335,0.04666666666666667
ta_30x15,ta,30x15,6,1,13,4200,300,0.0030952380952380953,0.043333333333333335
ta_30x15,ta,30x15,6,2,20,4200,300,0.004761904761904762,0.06666666666666667
ta_30x15,ta,30x15,6,3,23,4200,300,0.0054761904761904765,0.07666666666666666
ta_30x15,ta,30x15,6,4,23,4200,300,0.0054761904761904765,0.07666666666666666
ta_30x15,ta,30x15,6,5,19,4200,300,0.004523809523809524,0.06333333333333334
ta_30x15,ta,30x15,6,7,23,4200,300,0.0054761904761904765,0.07666666666666666
ta_30x15,ta,30x15,6,8,21,4200,300,0.005,0.07
ta_30x15,ta,30x15,6,9,29,4200,300,0.006904761904761905,0.09666666666666666
ta_30x15,ta,30x15,6,10,22,4200,300,0.005238095238095238,0.07333333333333333
ta_30x15,ta,30x15,6,11,24,4200,300,0.005714285714285714,0.08
ta_30x15,ta,30x15,6,12,17,4200,300,0.004047619047619047,0.056666666666666664
ta_30x15,ta,30x15,6,13,14,4200,300,0.0033333333333333335,0.04666666666666667
ta_30x15,ta,30x15,6,14,23,4200,300,0.0054761904761904765,0.07666666666666666
ta_30x15,ta,30x15,7,0,19,4200,300,0.004523809523809524,0.06333333333333334
ta_30x15,ta,30x15,7,1,17,4200,300,0.004047619047619047,0.056666666666666664
ta_30x15,ta,30x15,7,2,23,4200,300,0.0054761904761904765,0.07666666666666666
ta_30x15,ta,30x15,7,3,14,4200,300,0.0033333333333333335,0.04666666666666667
ta_30x15,ta,30x15,7,4,23,4200,300,0.0054761904761904765,0.07666666666666666
ta_30x15,ta,30x15,7,5,25,4200,300,0.005952380952380952,0.08333333333333333
ta_30x15,ta,30x15,7,6,18,4200,300,0.004285714285714286,0.06
ta_30x15,ta,30x15,7,8,16,4200,300,0.0038095238095238095,0.05333333333333334
ta_30x15,ta,30x15,7,9,22,4200,300,0.005238095238095238,0.07333333333333333
ta_30x15,ta,30x15,7,10,20,4200,300,0.004761904761904762,0.06666666666666667
ta_30x15,ta,30x15,7,11,24,4200,300,0.005714285714285714,0.08
ta_30x15,ta,30x15,7,12,19,4200,300,0.004523809523809524,0.06333333333333334
ta_30x15,ta,30x15,7,13,17,4200,300,0.004047619047619047,0.056666666666666664
ta_30x15,ta,30x15,7,14,24,4200,300,0.005714285714285714,0.08
ta_30x15,ta,30x15,8,0,15,4200,300,0.0035714285714285713,0.05
ta_30x15,ta,30x15,8,1,23,4200,300,0.0054761904761904765,0.07666666666666666
ta_30x15,ta,30x15,8,2,24,4200,300,0.005714285714285714,0.08
ta_30x15,ta,30x15,8,3,17,4200,300,0.004047619047619047,0.056666666666666664
ta_30x15,ta,30x15,8,4,18,4200,300,0.004285714285714286,0.06
ta_30x15,ta,30x15,8,5,20,4200,300,0.004761904761904762,0.06666666666666667
ta_30x15,ta,30x15,8,6,29,4200,300,0.006904761904761905,0.09666666666666666
ta_30x15,ta,30x15,8,7,25,4200,300,0.005952380952380952,0.08333333333333333
ta_30x15,ta,30x15,8,9,13,4200,300,0.0030952380952380953,0.043333333333333335
ta_30x15,ta,30x15,8,10,16,4200,300,0.0038095238095238095,0.05333333333333334
ta_30x15,ta,30x15,8,11,18,4200,300,0.004285714285714286,0.06
ta_30x15,ta,30x15,8,12,21,4200,300,0.005,0.07
ta_30x15,ta,30x15,8,13,22,4200,300,0.005238095238095238,0.07333333333333333
ta_30x15,ta,30x15,8,14,23,4200,300,0.0054761904761904765,0.07666666666666666
ta_30x15,ta,30x15,9,0,21,4200,300,0.005,0.07
ta_30x15,ta,30x15,9,1,24,4200,300,0.005714285714285714,0.08
ta_30x15,ta,30x15,9,2,23,4200,300,0.0054761904761904765,0.07666666666666666
ta_30x15,ta,30x15,9,3,24,4200,300,0.005714285714285714,0.08
ta_30x15,ta,30x15,9,4,20,4200,300,0.004761904761904762,0.06666666666666667
ta_30x15,ta,30x15,9,5,15,4200,300,0.0035714285714285713,0.05
ta_30x15,ta,30x15,9,6,9,4200,300,0.002142857142857143,0.03
ta_30x15,ta,30x15,9,7,17,4200,300,0.004047619047619047,0.056666666666666664
ta_30x15,ta,30x15,9,8,19,4200,300,0.004523809523809524,0.06333333333333334
ta_30x15,ta,30x15,9,10,18,4200,300,0.004285714285714286,0.06
ta_30x15,ta,30x15,9,11,18,4200,300,0.004285714285714286,0.06
ta_30x15,ta,30x15,9,12,24,4200,300,0.005714285714285714,0.08
ta_30x15,ta,30x15,9,13,31,4200,300,0.007380952380952381,0.10333333333333333
ta_30x15,ta,30x15,9,14,12,4200,300,0.002857142857142857,0.04
ta_30x15,ta,30x15,10,0,18,4200,300,0.004285714285714286,0.06
ta_30x15,ta,30x15,10,1,29,4200,300,0.006904761904761905,0.09666666666666666
ta_30x15,ta,30x15,10,2,19,4200,300,0.004523809523809524,0.06333333333333334
ta_30x15,ta,30x15,10,3,21,4200,300,0.005,0.07
ta_30x15,ta,30x15,10,4,19,4200,300,0.004523809523809524,0.06333333333333334
ta_30x15,ta,30x15,10,5,15,4200,300,0.0035714285714285713,0.05
ta_30x15,ta,30x15,10,6,16,4200,300,0.0038095238095238095,0.05333333333333334
ta_30x15,ta,30x15,10,7,23,4200,300,0.0054761904761904765,0.07666666666666666
ta_30x15,ta,30x15,10,8,23,4200,300,0.0054761904761904765,0.07666666666666666
ta_30x15,ta,30x15,10,9,15,4200,300,0.0035714285714285713,0.05
ta_30x15,ta,30x15,10,11,23,4200,300,0.0054761904761904765,0.07666666666666666
ta_30x15,ta,30x15,10,12,17,4200,300,0.004047619047619047,0.056666666666666664
ta_30x15,ta,30x15,10,13,17,4200,300,0.004047619047619047,0.056666666666666664
ta_30x15,ta,30x15,10,14,20,4200,300,0.004761904761904762,0.06666666666666667
ta_30x15,ta,30x15,11,0,30,4200,300,0.007142857142857143,0.1
ta_30x15,ta,30x15,11,1,17,4200,300,0.004047619047619047,0.056666666666666664
ta_30x15,ta,30x15,11,2,15,4200,300,0.0035714285714285713,0.05
ta_30x15,ta,30x15,11,3,25,4200,300,0.005952380952380952,0.08333333333333333
ta_30x15,ta,30x15,11,4,20,4200,300,0.004761904761904762,0.06666666666666667
ta_30x15,ta,30x15,11,5,21,4200,300,0.005,0.07
ta_30x15,ta,30x15,11,6,11,4200,300,0.002619047619047619,0.03666666666666667
ta_30x15,ta,30x15,11,7,14,4200,300,0.0033333333333333335,0.04666666666666667
ta_30x15,ta,30x15,11,8,19,4200,300,0.004523809523809524,0.06333333333333334
ta_30x15,ta,30x15,11,9,22,4200,300,0.005238095238095238,0.07333333333333333
ta_30x15,ta,30x15,11,10,21,4200,300,0.005,0.07
ta_30x15,ta,30x15,11,12,20,4200,300,0.004761904761904762,0.06666666666666667
ta_30x15,ta,30x15,11,13,26,4200,300,0.006190476190476191,0.08666666666666667
ta_30x15,ta,30x15,11,14,17,4200,300,0.004047619047619047,0.056666666666666664
ta_30x15,ta,30x15,12,0,23,4200,300,0.0054761904761904765,0.07666666666666666
ta_30x15,ta,30x15,12,1,21,4200,300,0.005,0.07
ta_30x15,ta,30x15,12,2,20,4200,300,0.004761904761904762,0.06666666666666667
ta_30x15,ta,30x15,12,3,23,4200,300,0.0054761904761904765,0.07666666666666666
ta_30x15,ta,30x15,12,4,17,4200,300,0.004047619047619047,0.056666666666666664
ta_30x15,ta,30x15,12,5,25,4200,300,0.005952380952380952,0.08333333333333333
ta_30x15,ta,30x15,12,6,20,4200,300,0.004761904761904762,0.06666666666666667
ta_30x15,ta,30x15,12,7,19,4200,300,0.004523809523809524,0.06333333333333334
ta_30x15,ta,30x15,12,8,19,4200,300,0.004523809523809524,0.06333333333333334
ta_30x15,ta,30x15,12,9,17,4200,300,0.004047619047619047,0.056666666666666664
ta_30x15,ta,30x15,12,10,23,4200,300,0.0054761904761904765,0.07666666666666666
ta_30x15,ta,30x15,12,11,17,4200,300,0.004047619047619047,0.056666666666666664
ta_30x15,ta,30x15,12,13,21,4200,300,0.005,0.07
ta_30x15,ta,30x15,12,14,17,4200,300,0.004047619047619047,0.056666666666666664
ta_30x15,ta,30x15,13,0,18,4200,300,0.004285714285714286,0.06
ta_30x15,ta,30x15,13,1,15,4200,300,0.0035714285714285713,0.05
ta_30x15,ta,30x15,13,2,21,4200,300,0.005,0.07
ta_30x15,ta,30x15,13,3,16,4200,300,0.0038095238095238095,0.05333333333333334
ta_30x15,ta,30x15,13,4,23,4200,300,0.0054761904761904765,0.07666666666666666
ta_30x15,ta,30x15,13,5,14,4200,300,0.0033333333333333335,0.04666666666666667
ta_30x15,ta,30x15,13,6,23,4200,300,0.0054761904761904765,0.07666666666666666
ta_30x15,ta,30x15,13,7,20,4200,300,0.004761904761904762,0.06666666666666667
ta_30x15,ta,30x15,13,8,24,4200,300,0.005714285714285714,0.08
ta_30x15,ta,30x15,13,9,22,4200,300,0.005238095238095238,0.07333333333333333
ta_30x15,ta,30x15,13,10,24,4200,300,0.005714285714285714,0.08
ta_30x15,ta,30x15,13,11,21,4200,300,0.005,0.07
ta_30x15,ta,30x15,13,12,18,4200,300,0.004285714285714286,0.06
ta_30x15,ta,30x15,13,14,23,4200,300,0.0054761904761904765,0.07666666666666666
ta_30x15,ta,30x15,14,0,18,4200,300,0.004285714285714286,0.06
ta_30x15,ta,30x15,14,1,22,4200,300,0.005238095238095238,0.07333333333333333
ta_30x15,ta,30x15,14,2,11,4200,300,0.002619047619047619,0.03666666666666667
ta_30x15,ta,30x15,14,3,18,4200,300,0.004285714285714286,0.06
ta_30x15,ta,30x15,14,4,22,4200,300,0.005238095238095238,0.07333333333333333
ta_30x15,ta,30x15,14,5,25,4200,300,0.005952380952380952,0.08333333333333333
ta_30x15,ta,30x15,14,6,18,4200,300,0.004285714285714286,0.06
ta_30x15,ta,30x15,14,7,16,4200,300,0.0038095238095238095,0.05333333333333334
ta_30x15,ta,30x15,14,8,20,4200,300,0.004761904761904762,0.06666666666666667
ta_30x15,ta,30x15,14,9,21,4200,300,0.005,0.07
ta_30x15,ta,30x15,14,10,20,4200,300,0.004761904761904762,0.06666666666666667
ta_30x15,ta,30x15,14,11,19,4200,300,0.004523809523809524,0.06333333333333334
ta_30x15,ta,30x15,14,12,30,4200,300,0.007142857142857143,0.1
ta_30x15,ta,30x15,14,13,22,4200,300,0.005238095238095238,0.07333333333333333
ta_30x20,ta,30x20,0,1,18,5700,300,0.003157894736842105,0.06
ta_30x20,ta,30x20,0,2,17,5700,300,0.0029824561403508773,0.056666666666666664
ta_30x20,ta,30x20,0,3,16,5700,300,0.002807017543859649,0.05333333333333334
ta_30x20,ta,30x20,0,4,17,5700,300,0.0029824561403508773,0.056666666666666664
ta_30x20,ta,30x20,0,5,14,5700,300,0.002456140350877193,0.04666666666666667
ta_30x20,ta,30x20,0,6,12,5700,300,0.002105263157894737,0.04
ta_30x20,ta,30x20,0,7,21,5700,300,0.0036842105263157894,0.07
ta_30x20,ta,30x20,0,8,11,5700,300,0.0019298245614035089,0.03666666666666667
ta_30x20,ta,30x20,0,9,17,5700,300,0.0029824561403508773,0.056666666666666664
ta_30x20,ta,30x20,0,10,12,5700,300,0.002105263157894737,0.04
ta_30x20,ta,30x20,0,11,25,5700,300,0.0043859649122807015,0.08333333333333333
ta_30x20,ta,30x20,0,12,15,5700,300,0.002631578947368421,0.05
ta_30x20,ta,30x20,0,13,10,5700,300,0.0017543859649122807,0.03333333333333333
ta_30x20,ta,30x20,0,14,11,5700,300,0.0019298245614035089,0.03666666666666667
ta_30x20,ta,30x20,0,15,11,5700,300,0.0019298245614035089,0.03666666666666667
ta_30x20,ta,30x20,0,16,13,5700,300,0.0022807017543859647,0.043333333333333335
ta_30x20,ta,30x20,0,17,12,5700,300,0.002105263157894737,0.04
ta_30x20,ta,30x20,0,18,13,5700,300,0.0022807017543859647,0.043333333333333335
ta_30x20,ta,30x20,0,19,21,5700,300,0.0036842105263157894,0.07
ta_30x20,ta,30x20,1,0,12,5700,300,0.002105263157894737,0.04
ta_30x20,ta,30x20,1,2,15,5700,300,0.002631578947368421,0.05
ta_30x20,ta,30x20,1,3,13,5700,300,0.0022807017543859647,0.043333333333333335
ta_30x20,ta,30x20,1,4,19,5700,300,0.0033333333333333335,0.06333333333333334
ta_30x20,ta,30x20,1,5,18,5700,300,0.003157894736842105,0.06
ta_30x20,ta,30x20,1,6,10,5700,300,0.0017543859649122807,0.03333333333333333
ta_30x20,ta,30x20,1,7,11,5700,300,0.0019298245614035089,0.03666666666666667
ta_30x20,ta,30x20,1,8,13,5700,300,0.0022807017543859647,0.043333333333333335
ta_30x20,ta,30x20,1,9,11,5700,300,0.0019298245614035089,0.03666666666666667
ta_30x20,ta,30x20,1,10,20,5700,300,0.0035087719298245615,0.06666666666666667
ta_30x20,ta,30x20,1,11,19,5700,300,0.0033333333333333335,0.06333333333333334
ta_30x20,ta,30x20,1,12,15,5700,300,0.002631578947368421,0.05
ta_30x20,ta,30x20,1,13,10,5700,300,0.0017543859649122807,0.03333333333333333
ta_30x20,ta,30x20,1,14,22,5700,300,0.0038596491228070177,0.07333333333333333
ta_30x20,ta,30x20,1,15,12,5700,300,0.002105263157894737,0.04
ta_30x20,ta,30x20,1,16,17,5700,300,0.0029824561403508773,0.056666666666666664
ta_30x20,ta,30x20,1,17,16,5700,300,0.002807017543859649,0.05333333333333334
ta_30x20,ta,30x20,1,18,11,5700,300,0.0019298245614035089,0.03666666666666667
ta_30x20,ta,30x20,1,19,20,5700,300,0.0035087719298245615,0.06666666666666667
ta_30x20,ta,30x20,2,0,16,5700,300,0.002807017543859649,0.05333333333333334
ta_30x20,ta,30x20,2,1,16,5700,300,0.002807017543859649,0.05333333333333334
ta_30x20,ta,30x20,2,3,19,5700,300,0.0033333333333333335,0.06333333333333334
ta_30x20,ta,30x20,2,4,17,5700,300,0.0029824561403508773,0.056666666666666664
ta_30x20,ta,30x20,2,5,13,5700,300,0.0022807017543859647,0.043333333333333335
ta_30x20,ta,30x20,2,6,13,5700,300,0.0022807017543859647,0.043333333333333335
ta_30x20,ta,30x20,2,7,14,5700,300,0.002456140350877193,0.04666666666666667
ta_30x20,ta,30x20,2,8,11,5700,300,0.0019298245614035089,0.03666666666666667
ta_30x20,ta,30x20,2,9,18,5700,300,0.003157894736842105,0.06
ta_30x20,ta,30x20,2,10,9,5700,300,0.0015789473684210526,0.03
ta_30x20,ta,30x20,2,11,16,5700,300,0.002807017543859649,0.05333333333333334
ta_30x20,ta,30x20,2,12,17,5700,300,0.0029824561403508773,0.056666666666666664
ta_30x20,ta,30x20,2,13,18,5700,300,0.003157894736842105,0.06
ta_30x20,ta,30x20,2,14,16,5700,300,0.002807017543859649,0.05333333333333334
ta_30x20,ta,30x20,2,15,17,5700,300,0.0029824561403508773,0.056666666666666664
ta_30x20,ta,30x20,2,16,12,5700,300,0.002105263157894737,0.04
ta_30x20,ta,30x20,2,17,10,5700,300,0.0017543859649122807,0.03333333333333333
ta_30x20,ta,30x20,2,18,16,5700,300,0.002807017543859649,0.05333333333333334
ta_30x20,ta,30x20,2,19,23,5700,300,0.004035087719298246,0.07666666666666666
ta_30x20,ta,30x20,3,0,14,5700,300,0.002456140350877193,0.04666666666666667
ta_30x20,ta,30x20,3,1,10,5700,300,0.0017543859649122807,0.03333333333333333
ta_30x20,ta,30x20,3,2,14,5700,300,0.002456140350877193,0.04666666666666667
ta_30x20,ta,30x20,3,4,18,5700,300,0.003157894736842105,0.06
ta_30x20,ta,30x20,3,5,16,5700,300,0.002807017543859649,0.05333333333333334
ta_30x20,ta,30x20,3,6,13,5700,300,0.0022807017543859647,0.043333333333333335
ta_30x20,ta,30x20,3,7,16,5700,300,0.002807017543859649,0.05333333333333334
ta_30x20,ta,30x20,3,8,16,5700,300,0.002807017543859649,0.05333333333333334
ta_30x20,ta,30x20,3,9,19,5700,300,0.0033333333333333335,0.06333333333333334
ta_30x20,ta,30x20,3,10,10,5700,300,0.0017543859649122807,0.03333333333333333
ta_30x20,ta,30x20,3,11,16,5700,300,0.002807017543859649,0.05333333333333334
ta_30x20,ta,30x20,3,12,21,5700,300,0.0036842105263157894,0.07
ta_30x20,ta,30x20,3,13,15,5700,300,0.002631578947368421,0.05
ta_30x20,ta,30x20,3,14,18,5700,300,0.003157894736842105,0.06
ta_30x20,ta,30x20,3,15,13,5700,300,0.0022807017543859647,0.043333333333333335
ta_30x20,ta,30x20,3,16,18,5700,300,0.003157894736842105,0.06
ta_30x20,ta,30x20,3,17,14,5700,300,0.002456140350877193,0.04666666666666667
ta_30x20,ta,30x20,3,18,16,5700,300,0.002807017543859649,0.05333333333333334
ta_30x20,ta,30x20,3,19,10,5700,300,0.0017543859649122807,0.03333333333333333
ta_30x20,ta,30x20,4,0,14,5700,300,0.002456140350877193,0.04666666666666667
ta_30x20,ta,30x20,4,1,23,5700,300,0.004035087719298246,0.07666666666666666
ta_30x20,ta,30x20,4,2,18,5700,300,0.003157894736842105,0.06
ta_30x20,ta,30x20,4,3,15,5700,300,0.002631578947368421,0.05
ta_30x20,ta,30x20,4,5,15,5700,300,0.002631578947368421,0.05
ta_30x20,ta,30x20,4,6,17,5700,300,0.0029824561403508773,0.056666666666666664
ta_30x20,ta,30x20,4,7,18,5700,300,0.003157894736842105,0.06
ta_30x20,ta,30x20,4,8,20,5700,300,0.0035087719298245615,0.06666666666666667
ta_30x20,ta,30x20,4,9,12,5700,300,0.002105263157894737,0.04
ta_30x20,ta,30x20,4,10,15,5700,300,0.002631578947368421,0.05
ta_30x20,ta,30x20,4,11,14,5700,300,0.002456140350877193,0.04666666666666667
ta_30x20,ta,30x20,4,12,17,5700,300,0.0029824561403508773,0.056666666666666664
ta_30x20,ta,30x20,4,13,11,5700,300,0.0019298245614035089,0.03666666666666667
ta_30x20,ta,30x20,4,14,8,5700,300,0.0014035087719298245,0.02666666666666667
ta_30x20,ta,30x20,4,15,16,5700,300,0.002807017543859649,0.05333333333333334
ta_30x20,ta,30x20,4,16,9,5700,300,0.0015789473684210526,0.03
ta_30x20,ta,30x20,4,17,12,5700,300,0.002105263157894737,0.04
ta_30x20,ta,30x20,4,18,23,5700,300,0.004035087719298246,0.07666666666666666
ta_30x20,ta,30x20,4,19,7,5700,300,0.0012280701754385965,0.023333333333333334
ta_30x20,ta,30x20,5,0,21,5700,300,0.0036842105263157894,0.07
ta_30x20,ta,30x20,5,1,11,5700,300,0.0019298245614035089,0.03666666666666667
ta_30x20,ta,30x20,5,2,19,5700,300,0.0033333333333333335,0.06333333333333334
ta_30x20,ta,30x20,5,3,18,5700,300,0.003157894736842105,0.06
ta_30x20,ta,30x20,5,4,16,5700,300,0.002807017543859649,0.05333333333333334
ta_30x20,ta,30x20,5,6,15,5700,300,0.002631578947368421,0.05
ta_30x20,ta,30x20,5,7,10,5700,300,0.0017543859649122807,0.03333333333333333
ta_30x20,ta,30x20,5,8,16,5700,300,0.002807017543859649,0.05333333333333334
ta_30x20,ta,30x20,5,9,12,5700,300,0.002105263157894737,0.04
ta_30x20,ta,30x20,5,10,16,5700,300,0.002807017543859649,0.05333333333333334
ta_30x20,ta,30x20,5,11,10,5700,300,0.0017543859649122807,0.03333333333333333
ta_30x20,ta,30x20,5,12,17,5700,300,0.0029824561403508773,0.056666666666666664
ta_30x20,ta,30x20,5,13,17,5700,300,0.0029824561403508773,0.056666666666666664
ta_30x20,ta,30x20,5,14,16,5700,300,0.002807017543859649,0.05333333333333334
ta_30x20,ta,30x20,5,15,17,5700,300,0.0029824561403508773,0.056666666666666664
ta_30x20,ta,30x20,5,16,15,5700,300,0.002631578947368421,0.05
ta_30x20,ta,30x20,5,17,16,5700,300,0.002807017543859649,0.05333333333333334
ta_30x20,ta,30x20,5,18,17,5700,300,0.0029824561403508773,0.056666666666666664
ta_30x20,ta,30x20,5,19,9,5700,300,0.0015789473684210526,0.03
ta_30x20,ta,30x20,6,0,11,5700,300,0.0019298245614035089,0.03666666666666667
ta_30x20,ta,30x20,6,1,11,5700,300,0.0019298245614035089,0.03666666666666667
ta_30x20,ta,30x20,6,2,11,5700,300,0.0019298245614035089,0.03666666666666667
ta_30x20,ta,30x20,6,3,18,5700,300,0.003157894736842105,0.06
ta_30x20,ta,30x20,6,4,18,5700,300,0.003157894736842105,0.06
ta_30x20,ta,30x20,6,5,17,5700,300,0.0029824561403508773,0.056666666666666664
ta_30x20,ta,30x20,6,7,16,5700,300,0.002807017543859649,0.05333333333333334
ta_30x20,ta,30x20,6,8,23,5700,300,0.004035087719298246,0.07666666666666666
ta_30x20,ta,30x20,6,9,17,5700,300,0.0029824561403508773,0.056666666666666664
ta_30x20,ta,30x20,6,10,11,5700,300,0.0019298245614035089,0.03666666666666667
ta_30x20,ta,30x20,6,11,16,5700,300,0.002807017543859649,0.05333333333333334
ta_30x20,ta,30x20,6,12,14,5700,300,0.002456140350877193,0.04666666666666667
ta_30x20,ta,30x20,6,13,14,5700,300,0.002456140350877193,0.04666666666666667
ta_30x20,ta,30x20,6,14,16,5700,300,0.002807017543859649,0.05333333333333334
ta_30x20,ta,30x20,6,15,8,5700,300,0.0014035087719298245,0.02666666666666667
ta_30x20,ta,30x20,6,16,13,5700,300,0.0022807017543859647,0.043333333333333335
ta_30x20,ta,30x20,6,17,16,5700,300,0.002807017543859649,0.05333333333333334
ta_30x20,ta,30x20,6,18,17,5700,300,0.0029824561403508773,0.056666666666666664
ta_30x20,ta,30x20,6,19,20,5700,300,0.0035087719298245615,0.06666666666666667
ta_30x20,ta,30x20,7,0,11,5700,300,0.0019298245614035089,0.03666666666666667
ta_30x20,ta,30x20,7,1,15,5700,300,0.002631578947368421,0.05
ta_30x20,ta,30x20,7,2,17,5700,300,0.0029824561403508773,0.056666666666666664
ta_30x20,ta,30x20,7,3,10,5700,300,0.0017543859649122807,0.03333333333333333
ta_30x20,ta,30x20,7,4,19,5700,300,0.0033333333333333335,0.06333333333333334
ta_30x20,ta,30x20,7,5,12,5700,300,0.002105263157894737,0.04
ta_30x20,ta,30x20,7,6,22,5700,300,0.0038596491228070177,0.07333333333333333
ta_30x20,ta,30x20,7,8,20,5700,300,0.0035087719298245615,0.06666666666666667
ta_30x20,ta,30x20,7,9,18,5700,300,0.003157894736842105,0.06
ta_30x20,ta,30x20,7,10,18,5700,300,0.003157894736842105,0.06
ta_30x20,ta,30x20,7,11,11,5700,300,0.0019298245614035089,0.03666666666666667
ta_30x20,ta,30x20,7,12,17,5700,300,0.0029824561403508773,0.056666666666666664
ta_30x20,ta,30x20,7,13,9,5700,300,0.0015789473684210526,0.03
ta_30x20,ta,30x20,7,14,14,5700,300,0.002456140350877193,0.04666666666666667
ta_30x20,ta,30x20,7,15,16,5700,300,0.002807017543859649,0.05333333333333334
ta_30x20,ta,30x20,7,16,17,5700,300,0.0029824561403508773,0.056666666666666664
ta_30x20,ta,30x20,7,17,10,5700,300,0.0017543859649122807,0.03333333333333333
ta_30x20,ta,30x20,7,18,13,5700,300,0.0022807017543859647,0.043333333333333335
ta_30x20,ta,30x20,7,19,13,5700,300,0.0022807017543859647,0.043333333333333335
ta_30x20,ta,30x20,8,0,21,5700,300,0.0036842105263157894,0.07
ta_30x20,ta,30x20,8,1,21,5700,300,0.0036842105263157894,0.07
ta_30x20,ta,30x20,8,2,9,5700,300,0.0015789473684210526,0.03
ta_30x20,ta,30x20,8,3,14,5700,300,0.002456140350877193,0.04666666666666667
ta_30x20,ta,30x20,8,4,13,5700,300,0.0022807017543859647,0.043333333333333335
ta_30x20,ta,30x20,8,5,11,5700,300,0.0019298245614035089,0.03666666666666667
ta_30x20,ta,30x20,8,6,16,5700,300,0.002807017543859649,0.05333333333333334
ta_30x20,ta,30x20,8,7,14,5700,300,0.002456140350877193,0.04666666666666667
ta_30x20,ta,30x20,8,9,20,5700,300,0.0035087719298245615,0.06666666666666667
ta_30x20,ta,30x20,8,10,20,5700,300,0.0035087719298245615,0.06666666666666667
ta_30x20,ta,30x20,8,11,9,5700,300,0.0015789473684210526,0.03
ta_30x20,ta,30x20,8,12,12,5700,300,0.002105263157894737,0.04
ta_30x20,ta,30x20,8,13,21,5700,300,0.0036842105263157894,0.07
ta_30x20,ta,30x20,8,14,13,5700,300,0.0022807017543859647,0.043333333333333335
ta_30x20,ta,30x20,8,15,19,5700,300,0.0033333333333333335,0.06333333333333334
ta_30x20,ta,30x20,8,16,11,5700,300,0.0019298245614035089,0.03666666666666667
ta_30x20,ta,30x20,8,17,10,5700,300,0.0017543859649122807,0.03333333333333333
ta_30x20,ta,30x20,8,18,13,5700,300,0.0022807017543859647,0.043333333333333335
ta_30x20,ta,30x20,8,19,17,5700,300,0.0029824561403508773,0.056666666666666664
ta_30x20,ta,30x20,9,0,11,5700,300,0.0019298245614035089,0.03666666666666667
ta_30x20,ta,30x20,9,1,21,5700,300,0.0036842105263157894,0.07
ta_30x20,ta,30x20,9,2,6,5700,300,0.0010526315789473684,0.02
ta_30x20,ta,30x20,9,3,16,5700,300,0.002807017543859649,0.05333333333333334
ta_30x20,ta,30x20,9,4,8,5700,300,0.0014035087719298245,0.02666666666666667
ta_30x20,ta,30x20,9,5,10,5700,300,0.0017543859649122807,0.03333333333333333
ta_30x20,ta,30x20,9,6,20,5700,300,0.0035087719298245615,0.06666666666666667
ta_30x20,ta,30x20,9,7,14,5700,300,0.002456140350877193,0.04666666666666667
ta_30x20,ta,30x20,9,8,10,5700,300,0.0017543859649122807,0.03333333333333333
ta_30x20,ta,30x20,9,10,14,5700,300,0.002456140350877193,0.04666666666666667
ta_30x20,ta,30x20,9,11,17,5700,300,0.0029824561403508773,0.056666666666666664
ta_30x20,ta,30x20,9,12,10,5700,300,0.0017543859649122807,0.03333333333333333
ta_30x20,ta,30x20,9,13,15,5700,300,0.002631578947368421,0.05
ta_30x20,ta,30x20,9,14,13,5700,300,0.0022807017543859647,0.043333333333333335
ta_30x20,ta,30x20,9,15,18,5700,300,0.003157894736842105,0.06
ta_30x20,ta,30x20,9,16,22,5700,300,0.0038596491228070177,0.07333333333333333
ta_30x20,ta,30x20,9,17,16,5700,300,0.002807017543859649,0.05333333333333334
ta_30x20,ta,30x20,9,18,23,5700,300,0.004035087719298246,0.07666666666666666
ta_30x20,ta,30x20,9,19,15,5700,300,0.002631578947368421,0.05
ta_30x20,ta,30x20,10,0,17,5700,300,0.0029824561403508773,0.056666666666666664
ta_30x20,ta,30x20,10,1,17,5700,300,0.0029824561403508773,0.056666666666666664
ta_30x20,ta,30x20,10,2,14,5700,300,0.002456140350877193,0.04666666666666667
ta_30x20,ta,30x20,10,3,9,5700,300,0.0015789473684210526,0.03
ta_30x20,ta,30x20,10,4,19,5700,300,0.0033333333333333335,0.06333333333333334
ta_30x20,ta,30x20,10,5,17,5700,300,0.0029824561403508773,0.056666666666666664
ta_30x20,ta,30x20,10,6,19,5700,300,0.0033333333333333335,0.06333333333333334
ta_30x20,ta,30x20,10,7,11,5700,300,0.0019298245614035089,0.03666666666666667
ta_30x20,ta,30x20,10,8,13,5700,300,0.0022807017543859647,0.043333333333333335
ta_30x20,ta,30x20,10,9,11,5700,300,0.0019298245614035089,0.03666666666666667
ta_30x20,ta,30x20,10,11,11,5700,300,0.0019298245614035089,0.03666666666666667
ta_30x20,ta,30x20,10,12,19,5700,300,0.0033333333333333335,0.06333333333333334
ta_30x20,ta,30x20,10,13,20,5700,300,0.0035087719298245615,0.06666666666666667
ta_30x20,ta,30x20,10,14,14,5700,300,0.002456140350877193,0.04666666666666667
ta_30x20,ta,30x20,10,15,22,5700,300,0.0038596491228070177,0.07333333333333333
ta_30x20,ta,30x20,10,16,12,5700,300,0.002105263157894737,0.04
ta_30x20,ta,30x20,10,17,13,5700,300,0.0022807017543859647,0.043333333333333335
ta_30x20,ta,30x20,10,18,16,5700,300,0.002807017543859649,0.05333333333333334
ta_30x20,ta,30x20,10,19,13,5700,300,0.0022807017543859647,0.043333333333333335
ta_30x20,ta,30x20,11,0,16,5700,300,0.002807017543859649,0.05333333333333334
ta_30x20,ta,30x20,11,1,15,5700,300,0.002631578947368421,0.05
ta_30x20,ta,30x20,11,2,11,5700,300,0.0019298245614035089,0.03666666666666667
ta_30x20,ta,30x20,11,3,18,5700,300,0.003157894736842105,0.06
ta_30x20,ta,30x20,11,4,15,5700,300,0.002631578947368421,0.05
ta_30x20,ta,30x20,11,5,19,5700,300,0.0033333333333333335,0.06333333333333334
ta_30x20,ta,30x20,11,6,11,5700,300,0.0019298245614035089,0.03666666666666667
ta_30x20,ta,30x20,11,7,15,5700,300,0.002631578947368421,0.05
ta_30x20,ta,30x20,11,8,16,5700,300,0.002807017543859649,0.05333333333333334
ta_30x20,ta,30x20,11,9,14,5700,300,0.002456140350877193,0.04666666666666667
ta_30x20,ta,30x20,11,10,15,5700,300,0.002631578947368421,0.05
ta_30x20,ta,30x20,11,12,14,5700,300,0.002456140350877193,0.04666666666666667
ta_30x20,ta,30x20,11,13,15,5700,300,0.002631578947368421,0.05
ta_30x20,ta,30x20,11,14,12,5700,300,0.002105263157894737,0.04
ta_30x20,ta,30x20,11,15,11,5700,300,0.0019298245614035089,0.03666666666666667
ta_30x20,ta,30x20,11,16,20,5700,300,0.0035087719298245615,0.06666666666666667
ta_30x20,ta,30x20,11,17,19,5700,300,0.0033333333333333335,0.06333333333333334
ta_30x20,ta,30x20,11,18,7,5700,300,0.0012280701754385965,0.023333333333333334
ta_30x20,ta,30x20,11,19,17,5700,300,0.0029824561403508773,0.056666666666666664
ta_30x20,ta,30x20,12,0,12,5700,300,0.002105263157894737,0.04
ta_30x20,ta,30x20,12,1,15,5700,300,0.002631578947368421,0.05
ta_30x20,ta,30x20,12,2,20,5700,300,0.0035087719298245615,0.06666666666666667
ta_30x20,ta,30x20,12,3,20,5700,300,0.0035087719298245615,0.06666666666666667
ta_30x20,ta,30x20,12,4,19,5700,300,0.0033333333333333335,0.06333333333333334
ta_30x20,ta,30x20,12,5,15,5700,300,0.002631578947368421,0.05
ta_30x20,ta,30x20,12,6,15,5700,300,0.002631578947368421,0.05
ta_30x20,ta,30x20,12,7,17,5700,300,0.0029824561403508773,0.056666666666666664
ta_30x20,ta,30x20,12,8,13,5700,300,0.0022807017543859647,0.043333333333333335
ta_30x20,ta,30x20,12,9,16,5700,300,0.002807017543859649,0.05333333333333334
ta_30x20,ta,30x20,12,10,9,5700,300,0.0015789473684210526,0.03
ta_30x20,ta,30x20,12,11,19,5700,300,0.0033333333333333335,0.06333333333333334
ta_30x20,ta,30x20,12,13,19,5700,300,0.0033333333333333335,0.06333333333333334
ta_30x20,ta,30x20,12,14,15,5700,300,0.002631578947368421,0.05
ta_30x20,ta,30x20,12,15,19,5700,300,0.0033333333333333335,0.06333333333333334
ta_30x20,ta,30x20,12,16,17,5700,300,0.0029824561403508773,0.056666666666666664
ta_30x20,ta,30x20,12,17,13,5700,300,0.0022807017543859647,0.043333333333333335
ta_30x20,ta,30x20,12,18,11,5700,300,0.0019298245614035089,0.03666666666666667
ta_30x20,ta,30x20,12,19,5,5700,300,0.0008771929824561404,0.016666666666666666
ta_30x20,ta,30x20,13,0,16,5700,300,0.002807017543859649,0.05333333333333334
ta_30x20,ta,30x20,13,1,12,5700,300,0.002105263157894737,0.04
ta_30x20,ta,30x20,13,2,16,5700,300,0.002807017543859649,0.05333333333333334
ta_30x20,ta,30x20,13,3,19,5700,300,0.0033333333333333335,0.06333333333333334
ta_30x20,ta,30x20,13,4,11,5700,300,0.0019298245614035089,0.03666666666666667
ta_30x20,ta,30x20,13,5,18,5700,300,0.003157894736842105,0.06
ta_30x20,ta,30x20,13,6,17,5700,300,0.0029824561403508773,0.056666666666666664
ta_30x20,ta,30x20,13,7,20,5700,300,0.0035087719298245615,0.06666666666666667
ta_30x20,ta,30x20,13,8,12,5700,300,0.002105263157894737,0.04
ta_30x20,ta,30x20,13,9,13,5700,300,0.0022807017543859647,0.043333333333333335
ta_30x20,ta,30x20,13,10,11,5700,300,0.0019298245614035089,0.03666666666666667
ta_30x20,ta,30x20,13,11,17,5700,300,0.0029824561403508773,0.056666666666666664
ta_30x20,ta,30x20,13,12,12,5700,300,0.002105263157894737,0.04
ta_30x20,ta,30x20,13,14,14,5700,300,0.002456140350877193,0.04666666666666667
ta_30x20,ta,30x20,13,15,9,5700,300,0.0015789473684210526,0.03
ta_30x20,ta,30x20,13,16,21,5700,300,0.0036842105263157894,0.07
ta_30x20,ta,30x20,13,17,19,5700,300,0.0033333333333333335,0.06333333333333334
ta_30x20,ta,30x20,13,18,12,5700,300,0.002105263157894737,0.04
ta_30x20,ta,30x20,13,19,18,5700,300,0.003157894736842105,0.06
ta_30x20,ta,30x20,14,0,16,5700,300,0.002807017543859649,0.05333333333333334
ta_30x20,ta,30x20,14,1,11,5700,300,0.0019298245614035089,0.03666666666666667
ta_30x20,ta,30x20,14,2,18,5700,300,0.003157894736842105,0.06
ta_30x20,ta,30x20,14,3,16,5700,300,0.002807017543859649,0.05333333333333334
ta_30x20,ta,30x20,14,4,12,5700,300,0.002105263157894737,0.04
ta_30x20,ta,30x20,14,5,15,5700,300,0.002631578947368421,0.05
ta_30x20,ta,30x20,14,6,16,5700,300,0.002807017543859649,0.05333333333333334
ta_30x20,ta,30x20,14,7,21,5700,300,0.0036842105263157894,0.07
ta_30x20,ta,30x20,14,8,14,5700,300,0.002456140350877193,0.04666666666666667
ta_30x20,ta,30x20,14,9,17,5700,300,0.0029824561403508773,0.056666666666666664
ta_30x20,ta,30x20,14,10,12,5700,300,0.002105263157894737,0.04
ta_30x20,ta,30x20,14,11,16,5700,300,0.002807017543859649,0.05333333333333334
ta_30x20,ta,30x20,14,12,14,5700,300,0.002456140350877193,0.04666666666666667
ta_30x20,ta,30x20,14,13,19,5700,300,0.0033333333333333335,0.06333333333333334
ta_30x20,ta,30x20,14,15,18,5700,300,0.003157894736842105,0.06
ta_30x20,ta,30x20,14,16,16,5700,300,0.002807017543859649,0.05333333333333334
ta_30x20,ta,30x20,14,17,8,5700,300,0.0014035087719298245,0.02666666666666667
ta_30x20,ta,30x20,14,18,17,5700,300,0.0029824561403508773,0.056666666666666664
ta_30x20,ta,30x20,14,19,11,5700,300,0.0019298245614035089,0.03666666666666667
ta_30x20,ta,30x20,15,0,19,5700,300,0.0033333333333333335,0.06333333333333334
ta_30x20,ta,30x20,15,1,17,5700,300,0.0029824561403508773,0.056666666666666664
ta_30x20,ta,30x20,15,2,11,5700,300,0.0019298245614035089,0.03666666666666667
ta_30x20,ta,30x20,15,3,13,5700,300,0.0022807017543859647,0.043333333333333335
ta_30x20,ta,30x20,15,4,13,5700,300,0.0022807017543859647,0.043333333333333335
ta_30x20,ta,30x20,15,5,18,5700,300,0.003157894736842105,0.06
ta_30x20,ta,30x20,15,6,15,5700,300,0.002631578947368421,0.05
ta_30x20,ta,30x20,15,7,14,5700,300,0.002456140350877193,0.04666666666666667
ta_30x20,ta,30x20,15,8,17,5700,300,0.0029824561403508773,0.056666666666666664
ta_30x20,ta,30x20,15,9,9,5700,300,0.0015789473684210526,0.03
ta_30x20,ta,30x20,15,10,16,5700,300,0.002807017543859649,0.05333333333333334
ta_30x20,ta,30x20,15,11,15,5700,300,0.002631578947368421,0.05
ta_30x20,ta,30x20,15,12,14,5700,300,0.002456140350877193,0.04666666666666667
ta_30x20,ta,30x20,15,13,19,5700,300,0.0033333333333333335,0.06333333333333334
ta_30x20,ta,30x20,15,14,17,5700,300,0.0029824561403508773,0.056666666666666664
ta_30x20,ta,30x20,15,16,14,5700,300,0.002456140350877193,0.04666666666666667
ta_30x20,ta,30x20,15,17,21,5700,300,0.0036842105263157894,0.07
ta_30x20,ta,30x20,15,18,15,5700,300,0.002631578947368421,0.05
ta_30x20,ta,30x20,15,19,15,5700,300,0.002631578947368421,0.05
ta_30x20,ta,30x20,16,0,14,5700,300,0.002456140350877193,0.04666666666666667
ta_30x20,ta,30x20,16,1,10,5700,300,0.0017543859649122807,0.03333333333333333
ta_30x20,ta,30x20,16,2,12,5700,300,0.002105263157894737,0.04
ta_30x20,ta,30x20,16,3,19,5700,300,0.0033333333333333335,0.06333333333333334
ta_30x20,ta,30x20,16,4,9,5700,300,0.0015789473684210526,0.03
ta_30x20,ta,30x20,16,5,15,5700,300,0.002631578947368421,0.05
ta_30x20,ta,30x20,16,6,16,5700,300,0.002807017543859649,0.05333333333333334
ta_30x20,ta,30x20,16,7,17,5700,300,0.0029824561403508773,0.056666666666666664
ta_30x20,ta,30x20,16,8,11,5700,300,0.0019298245614035089,0.03666666666666667
ta_30x20,ta,30x20,16,9,19,5700,300,0.0033333333333333335,0.06333333333333334
ta_30x20,ta,30x20,16,10,18,5700,300,0.003157894736842105,0.06
ta_30x20,ta,30x20,16,11,17,5700,300,0.0029824561403508773,0.056666666666666664
ta_30x20,ta,30x20,16,12,17,5700,300,0.0029824561403508773,0.056666666666666664
ta_30x20,ta,30x20,16,13,12,5700,300,0.002105263157894737,0.04
ta_30x20,ta,30x20,16,14,12,5700,300,0.002105263157894737,0.04
ta_30x20,ta,30x20,16,15,4,5700,300,0.0007017543859649122,0.013333333333333334
ta_30x20,ta,30x20,16,17,24,5700,300,0.004210526315789474,0.08
ta_30x20,ta,30x20,16,18,17,5700,300,0.0029824561403508773,0.056666666666666664
ta_30x20,ta,30x20,16,19,20,5700,300,0.0035087719298245615,0.06666666666666667
ta_30x20,ta,30x20,17,0,19,5700,300,0.0033333333333333335,0.06333333333333334
ta_30x20,ta,30x20,17,1,11,5700,300,0.0019298245614035089,0.03666666666666667
ta_30x20,ta,30x20,17,2,12,5700,300,0.002105263157894737,0.04
ta_30x20,ta,30x20,17,3,9,5700,300,0.0015789473684210526,0.03
ta_30x20,ta,30x20,17,4,15,5700,300,0.002631578947368421,0.05
ta_30x20,ta,30x20,17,5,19,5700,300,0.0033333333333333335,0.06333333333333334
ta_30x20,ta,30x20,17,6,12,5700,300,0.002105263157894737,0.04
ta_30x20,ta,30x20,17,7,13,5700,300,0.0022807017543859647,0.043333333333333335
ta_30x20,ta,30x20,17,8,22,5700,300,0.0038596491228070177,0.07333333333333333
ta_30x20,ta,30x20,17,9,18,5700,300,0.003157894736842105,0.06
ta_30x20,ta,30x20,17,10,16,5700,300,0.002807017543859649,0.05333333333333334
ta_30x20,ta,30x20,17,11,13,5700,300,0.0022807017543859647,0.043333333333333335
ta_30x20,ta,30x20,17,12,9,5700,300,0.0015789473684210526,0.03
ta_30x20,ta,30x20,17,13,13,5700,300,0.0022807017543859647,0.043333333333333335
ta_30x20,ta,30x20,17,14,19,5700,300,0.0033333333333333335,0.06333333333333334
ta_30x20,ta,30x20,17,15,21,5700,300,0.0036842105263157894,0.07
ta_30x20,ta,30x20,17,16,13,5700,300,0.0022807017543859647,0.043333333333333335
ta_30x20,ta,30x20,17,18,14,5700,300,0.002456140350877193,0.04666666666666667
ta_30x20,ta,30x20,17,19,13,5700,300,0.0022807017543859647,0.043333333333333335
ta_30x20,ta,30x20,18,0,9,5700,300,0.0015789473684210526,0.03
ta_30x20,ta,30x20,18,1,21,5700,300,0.0036842105263157894,0.07
ta_30x20,ta,30x20,18,2,23,5700,300,0.004035087719298246,0.07666666666666666
ta_30x20,ta,30x20,18,3,10,5700,300,0.0017543859649122807,0.03333333333333333
ta_30x20,ta,30x20,18,4,11,5700,300,0.0019298245614035089,0.03666666666666667
ta_30x20,ta,30x20,18,5,11,5700,300,0.0019298245614035089,0.03666666666666667
ta_30x20,ta,30x20,18,6,12,5700,300,0.002105263157894737,0.04
ta_30x20,ta,30x20,18,7,13,5700,300,0.0022807017543859647,0.043333333333333335
ta_30x20,ta,30x20,18,8,13,5700,300,0.0022807017543859647,0.043333333333333335
ta_30x20,ta,30x20,18,9,12,5700,300,0.002105263157894737,0.04
ta_30x20,ta,30x20,18,10,12,5700,300,0.002105263157894737,0.04
ta_30x20,ta,30x20,18,11,18,5700,300,0.003157894736842105,0.06
ta_30x20,ta,30x20,18,12,23,5700,300,0.004035087719298246,0.07666666666666666
ta_30x20,ta,30x20,18,13,10,5700,300,0.0017543859649122807,0.03333333333333333
ta_30x20,ta,30x20,18,14,20,5700,300,0.0035087719298245615,0.06666666666666667
ta_30x20,ta,30x20,18,15,16,5700,300,0.002807017543859649,0.05333333333333334
ta_30x20,ta,30x20,18,16,13,5700,300,0.0022807017543859647,0.043333333333333335
ta_30x20,ta,30x20,18,17,16,5700,300,0.002807017543859649,0.05333333333333334
ta_30x20,ta,30x20,18,19,18,5700,300,0.003157894736842105,0.06
ta_30x20,ta,30x20,19,0,13,5700,300,0.0022807017543859647,0.043333333333333335
ta_30x20,ta,30x20,19,1,13,5700,300,0.0022807017543859647,0.043333333333333335
ta_30x20,ta,30x20,19,2,18,5700,300,0.003157894736842105,0.06
ta_30x20,ta,30x20,19,3,13,5700,300,0.0022807017543859647,0.043333333333333335
ta_30x20,ta,30x20,19,4,17,5700,300,0.0029824561403508773,0.056666666666666664
ta_30x20,ta,30x20,19,5,12,5700,300,0.002105263157894737,0.04
ta_30x20,ta,30x20,19,6,12,5700,300,0.002105263157894737,0.04
ta_30x20,ta,30x20,19,7,10,5700,300,0.0017543859649122807,0.03333333333333333
ta_30x20,ta,30x20,19,8,15,5700,300,0.002631578947368421,0.05
ta_30x20,ta,30x20,19,9,14,5700,300,0.002456140350877193,0.04666666666666667
ta_30x20,ta,30x20,19,10,24,5700,300,0.004210526315789474,0.08
ta_30x20,ta,30x20,19,11,12,5700,300,0.002105263157894737,0.04
ta_30x20,ta,30x20,19,12,12,5700,300,0.002105263157894737,0.04
ta_30x20,ta,30x20,19,13,16,5700,300,0.002807017543859649,0.05333333333333334
ta_30x20,ta,30x20,19,14,15,5700,300,0.002631578947368421,0.05
ta_30x20,ta,30x20,19,15,24,5700,300,0.004210526315789474,0.08
ta_30x20,ta,30x20,19,16,13,5700,300,0.0022807017543859647,0.043333333333333335
ta_30x20,ta,30x20,19,17,12,5700,300,0.002105263157894737,0.04
ta_30x20,ta,30x20,19,18,16,5700,300,0.002807017543859649,0.05333333333333334
ta_50x15,ta,50x15,0,1,31,7000,500,0.004428571428571428,0.062
ta_50x15,ta,50x15,0,2,28,7000,500,0.004,0.056
ta_50x15,ta,50x15,0,3,43,7000,500,0.006142857142857143,0.086
ta_50x15,ta,50x15,0,4,23,7000,500,0.003285714285714286,0.046
ta_50x15,ta,50x15,0,5,37,7000,500,0.005285714285714286,0.074
ta_50x15,ta,50x15,0,6,28,7000,500,0.004,0.056
ta_50x15,ta,50x15,0,7,31,7000,500,0.004428571428571428,0.062
ta_50x15,ta,50x15,0,8,34,7000,500,0.004857142857142857,0.068
ta_50x15,ta,50x15,0,9,30,7000,500,0.004285714285714286,0.06
ta_50x15,ta,50x15,0,10,24,7000,500,0.0034285714285714284,0.048
ta_50x15,ta,50x15,0,11,34,7000,500,0.004857142857142857,0.068
ta_50x15,ta,50x15,0,12,43,7000,500,0.006142857142857143,0.086
ta_50x15,ta,50x15,0,13,39,7000,500,0.005571428571428572,0.078
ta_50x15,ta,50x15,0,14,35,7000,500,0.005,0.07
ta_50x15,ta,50x15,1,0,36,7000,500,0.005142857142857143,0.072
ta_50x15,ta,50x15,1,2,40,7000,500,0.005714285714285714,0.08
ta_50x15,ta,50x15,1,3,33,7000,500,0.004714285714285714,0.066
ta_50x15,ta,50x15,1,4,31,7000,500,0.004428571428571428,0.062
ta_50x15,ta,50x15,1,5,30,7000,500,0.004285714285714286,0.06
ta_50x15,ta,50x15,1,6,40,7000,500,0.005714285714285714,0.08
ta_50x15,ta,50x15,1,7,32,7000,500,0.004571428571428572,0.064
ta_50x15,ta,50x15,1,8,41,7000,500,0.005857142857142857,0.082
ta_50x15,ta,50x15,1,9,30,7000,500,0.004285714285714286,0.06
ta_50x15,ta,50x15,1,10,27,7000,500,0.003857142857142857,0.054
ta_50x15,ta,50x15,1,11,31,7000,500,0.004428571428571428,0.062
ta_50x15,ta,50x15,1,12,23,7000,500,0.003285714285714286,0.046
ta_50x15,ta,50x15,1,13,33,7000,500,0.004714285714285714,0.066
ta_50x15,ta,50x15,1,14,38,7000,500,0.0054285714285714284,0.076
ta_50x15,ta,50x15,2,0,30,7000,500,0.004285714285714286,0.06
ta_50x15,ta,50x15,2,1,27,7000,500,0.003857142857142857,0.054
ta_50x15,ta,50x15,2,3,30,7000,500,0.004285714285714286,0.06
ta_50x15,ta,50x15,2,4,45,7000,500,0.0064285714285714285,0.09
ta_50x15,ta,50x15,2,5,43,7000,500,0.006142857142857143,0.086
ta_50x15,ta,50x15,2,6,28,7000,500,0.004,0.056
ta_50x15,ta,50x15,2,7,31,7000,500,0.004428571428571428,0.062
ta_50x15,ta,50x15,2,8,29,7000,500,0.004142857142857143,0.058
ta_50x15,ta,50x15,2,9,31,7000,500,0.004428571428571428,0.062
ta_50x15,ta,50x15,2,10,40,7000,500,0.005714285714285714,0.08
ta_50x15,ta,50x15,2,11,34,7000,500,0.004857142857142857,0.068
ta_50x15,ta,50x15,2,12,37,7000,500,0.005285714285714286,0.074
ta_50x15,ta,50x15,2,13,36,7000,500,0.005142857142857143,0.072
ta_50x15,ta,50x15,2,14,28,7000,500,0.004,0.056
ta_50x15,ta,50x15,3,0,31,7000,500,0.004428571428571428,0.062
ta_50x15,ta,50x15,3,1,32,7000,500,0.004571428571428572,0.064
ta_50x15,ta,50x15,3,2,40,7000,500,0.005714285714285714,0.08
ta_50x15,ta,50x15,3,4,26,7000,500,0.0037142857142857142,0.052
ta_50x15,ta,50x15,3,5,36,7000,500,0.005142857142857143,0.072
ta_50x15,ta,50x15,3,6,33,7000,500,0.004714285714285714,0.066
ta_50x15,ta,50x15,3,7,37,7000,500,0.005285714285714286,0.074
ta_50x15,ta,50x15,3,8,44,7000,500,0.006285714285714286,0.088
ta_50x15,ta,50x15,3,9,32,7000,500,0.004571428571428572,0.064
ta_50x15,ta,50x15,3,10,34,7000,500,0.004857142857142857,0.068
ta_50x15,ta,50x15,3,11,28,7000,500,0.004,0.056
ta_50x15,ta,50x15,3,12,22,7000,500,0.003142857142857143,0.044
ta_50x15,ta,50x15,3,13,29,7000,500,0.004142857142857143,0.058
ta_50x15,ta,50x15,3,14,36,7000,500,0.005142857142857143,0.072
ta_50x15,ta,50x15,4,0,33,7000,500,0.004714285714285714,0.066
ta_50x15,ta,50x15,4,1,41,7000,500,0.005857142857142857,0.082
ta_50x15,ta,50x15,4,2,21,7000,500,0.003,0.042
ta_50x15,ta,50x15,4,3,34,7000,500,0.004857142857142857,0.068
ta_50x15,ta,50x15,4,5,27,7000,500,0.003857142857142857,0.054
ta_50x15,ta,50x15,4,6,31,7000,500,0.004428571428571428,0.062
ta_50x15,ta,50x15,4,7,43,7000,500,0.006142857142857143,0.086
ta_50x15,ta,50x15,4,8,39,7000,500,0.005571428571428572,0.078
ta_50x15,ta,50x15,4,9,44,7000,500,0.006285714285714286,0.088
ta_50x15,ta,50x15,4,10,32,7000,500,0.004571428571428572,0.064
ta_50x15,ta,50x15,4,11,23,7000,500,0.003285714285714286,0.046
ta_50x15,ta,50x15,4,12,37,7000,500,0.005285714285714286,0.074
ta_50x15,ta,50x15,4,13,33,7000,500,0.004714285714285714,0.066
ta_50x15,ta,50x15,4,14,29,7000,500,0.004142857142857143,0.058
ta_50x15,ta,50x15,5,0,30,7000,500,0.004285714285714286,0.06
ta_50x15,ta,50x15,5,1,36,7000,500,0.005142857142857143,0.072
ta_50x15,ta,50x15,5,2,29,7000,500,0.004142857142857143,0.058
ta_50x15,ta,50x15,5,3,40,7000,500,0.005714285714285714,0.08
ta_50x15,ta,50x15,5,4,32,7000,500,0.004571428571428572,0.064
ta_50x15,ta,50x15,5,6,35,7000,500,0.005,0.07
ta_50x15,ta,50x15,5,7,35,7000,500,0.005,0.07
ta_50x15,ta,50x15,5,8,31,7000,500,0.004428571428571428,0.062
ta_50x15,ta,50x15,5,9,28,7000,500,0.004,0.056
ta_50x15,ta,50x15,5,10,31,7000,500,0.004428571428571428,0.062
ta_50x15,ta,50x15,5,11,35,7000,500,0.005,0.07
ta_50x15,ta,50x15,5,12,35,7000,500,0.005,0.07
ta_50x15,ta,50x15,5,13,38,7000,500,0.0054285714285714284,0.076
ta_50x15,ta,50x15,5,14,26,7000,500,0.0037142857142857142,0.052
ta_50x15,ta,50x15,6,0,25,7000,500,0.0035714285714285713,0.05
ta_50x15,ta,50x15,6,1,29,7000,500,0.004142857142857143,0.058
ta_50x15,ta,50x15,6,2,42,7000,500,0.006,0.084
ta_50x15,ta,50x15,6,3,31,7000,500,0.004428571428571428,0.062
ta_50x15,ta,50x15,6,4,42,7000,500,0.006,0.084
ta_50x15,ta,50x15,6,5,35,7000,500,0.005,0.07
ta_50x15,ta,50x15,6,7,21,7000,500,0.003,0.042
ta_50x15,ta,50x15,6,8,24,7000,500,0.0034285714285714284,0.048
ta_50x15,ta,50x15,6,9,36,7000,500,0.005142857142857143,0.072
ta_50x15,ta,50x15,6,10,41,7000,500,0.005857142857142857,0.082
ta_50x15,ta,50x15,6,11,40,7000,500,0.005714285714285714,0.08
ta_50x15,ta,50x15,6,12,32,7000,500,0.004571428571428572,0.064
ta_50x15,ta,50x15,6,13,33,7000,500,0.004714285714285714,0.066
ta_50x15,ta,50x15,6,14,36,7000,500,0.005142857142857143,0.072
ta_50x15,ta,50x15,7,0,34,7000,500,0.004857142857142857,0.068
ta_50x15,ta,50x15,7,1,31,7000,500,0.004428571428571428,0.062
ta_50x15,ta,50x15,7,2,32,7000,500,0.004571428571428572,0.064
ta_50x15,ta,50x15,7,3,34,7000,500,0.004857142857142857,0.068
ta_50x15,ta,50x15,7,4,30,7000,500,0.004285714285714286,0.06
ta_50x15,ta,50x15,7,5,31,7000,500,0.004428571428571428,0.062
ta_50x15,ta,50x15,7,6,41,7000,500,0.005857142857142857,0.082
ta_50x15,ta,50x15,7,8,36,7000,500,0.005142857142857143,0.072
ta_50x15,ta,50x15,7,9,35,7000,500,0.005,0.07
ta_50x15,ta,50x15,7,10,31,7000,500,0.004428571428571428,0.062
ta_50x15,ta,50x15,7,11,33,7000,500,0.004714285714285714,0.066
ta_50x15,ta,50x15,7,12,25,7000,500,0.0035714285714285713,0.05
ta_50x15,ta,50x15,7,13,46,7000,500,0.006571428571428572,0.092
ta_50x15,ta,50x15,7,14,36,7000,500,0.005142857142857143,0.072
ta_50x15,ta,50x15,8,0,39,7000,500,0.005571428571428572,0.078
ta_50x15,ta,50x15,8,1,36,7000,500,0.005142857142857143,0.072
ta_50x15,ta,50x15,8,2,36,7000,500,0.005142857142857143,0.072
ta_50x15,ta,50x15,8,3,33,7000,500,0.004714285714285714,0.066
ta_50x15,ta,50x15,8,4,28,7000,500,0.004,0.056
ta_50x15,ta,50x15,8,5,31,7000,500,0.004428571428571428,0.062
ta_50x15,ta,50x15,8,6,27,7000,500,0.003857142857142857,0.054
ta_50x15,ta,50x15,8,7,34,7000,500,0.004857142857142857,0.068
ta_50x15,ta,50x15,8,9,38,7000,500,0.0054285714285714284,0.076
ta_50x15,ta,50x15,8,10,40,7000,500,0.005714285714285714,0.08
ta_50x15,ta,50x15,8,11,32,7000,500,0.004571428571428572,0.064
ta_50x15,ta,50x15,8,12,28,7000,500,0.004,0.056
ta_50x15,ta,50x15,8,13,37,7000,500,0.005285714285714286,0.074
ta_50x15,ta,50x15,8,14,28,7000,500,0.004,0.056
ta_50x15,ta,50x15,9,0,34,7000,500,0.004857142857142857,0.068
ta_50x15,ta,50x15,9,1,33,7000,500,0.004714285714285714,0.066
ta_50x15,ta,50x15,9,2,34,7000,500,0.004857142857142857,0.068
ta_50x15,ta,50x15,9,3,33,7000,500,0.004714285714285714,0.066
ta_50x15,ta,50x15,9,4,40,7000,500,0.005714285714285714,0.08
ta_50x15,ta,50x15,9,5,37,7000,500,0.005285714285714286,0.074
ta_50x15,ta,50x15,9,6,37,7000,500,0.005285714285714286,0.074
ta_50x15,ta,50x15,9,7,36,7000,500,0.005142857142857143,0.072
ta_50x15,ta,50x15,9,8,34,7000,500,0.004857142857142857,0.068
ta_50x15,ta,50x15,9,10,33,7000,500,0.004714285714285714,0.066
ta_50x15,ta,50x15,9,11,25,7000,500,0.0035714285714285713,0.05
ta_50x15,ta,50x15,9,12,33,7000,500,0.004714285714285714,0.066
ta_50x15,ta,50x15,9,13,28,7000,500,0.004,0.056
ta_50x15,ta,50x15,9,14,31,7000,500,0.004428571428571428,0.062
ta_50x15,ta,50x15,10,0,34,7000,500,0.004857142857142857,0.068
ta_50x15,ta,50x15,10,1,32,7000,500,0.004571428571428572,0.064
ta_50x15,ta,50x15,10,2,31,7000,500,0.004428571428571428,0.062
ta_50x15,ta,50x15,10,3,35,7000,500,0.005,0.07
ta_50x15,ta,50x15,10,4,42,7000,500,0.006,0.084
ta_50x15,ta,50x15,10,5,36,7000,500,0.005142857142857143,0.072
ta_50x15,ta,50x15,10,6,34,7000,500,0.004857142857142857,0.068
ta_50x15,ta,50x15,10,7,28,7000,500,0.004,0.056
ta_50x15,ta,50x15,10,8,35,7000,500,0.005,0.07
ta_50x15,ta,50x15,10,9,28,7000,500,0.004,0.056
ta_50x15,ta,50x15,10,11,31,7000,500,0.004428571428571428,0.062
ta_50x15,ta,50x15,10,12,42,7000,500,0.006,0.084
ta_50x15,ta,50x15,10,13,35,7000,500,0.005,0.07
ta_50x15,ta,50x15,10,14,35,7000,500,0.005,0.07
ta_50x15,ta,50x15,11,0,36,7000,500,0.005142857142857143,0.072
ta_50x15,ta,50x15,11,1,34,7000,500,0.004857142857142857,0.068
ta_50x15,ta,50x15,11,2,27,7000,500,0.003857142857142857,0.054
ta_50x15,ta,50x15,11,3,38,7000,500,0.0054285714285714284,0.076
ta_50x15,ta,50x15,11,4,39,7000,500,0.005571428571428572,0.078
ta_50x15,ta,50x15,11,5,26,7000,500,0.0037142857142857142,0.052
ta_50x15,ta,50x15,11,6,30,7000,500,0.004285714285714286,0.06
ta_50x15,ta,50x15,11,7,27,7000,500,0.003857142857142857,0.054
ta_50x15,ta,50x15,11,8,26,7000,500,0.0037142857142857142,0.052
ta_50x15,ta,50x15,11,9,37,7000,500,0.005285714285714286,0.074
ta_50x15,ta,50x15,11,10,30,7000,500,0.004285714285714286,0.06
ta_50x15,ta,50x15,11,12,34,7000,500,0.004857142857142857,0.068
ta_50x15,ta,50x15,11,13,33,7000,500,0.004714285714285714,0.066
ta_50x15,ta,50x15,11,14,36,7000,500,0.005142857142857143,0.072
ta_50x15,ta,50x15,12,0,41,7000,500,0.005857142857142857,0.082
ta_50x15,ta,50x15,12,1,35,7000,500,0.005,0.07
ta_50x15,ta,50x15,12,2,37,7000,500,0.005285714285714286,0.074
ta_50x15,ta,50x15,12,3,30,7000,500,0.004285714285714286,0.06
ta_50x15,ta,50x15,12,4,28,7000,500,0.004,0.056
ta_50x15,ta,50x15,12,5,29,7000,500,0.004142857142857143,0.058
ta_50x15,ta,50x15,12,6,40,7000,500,0.005714285714285714,0.08
ta_50x15,ta,50x15,12,7,38,7000,500,0.0054285714285714284,0.076
ta_50x15,ta,50x15,12,8,36,7000,500,0.005142857142857143,0.072
ta_50x15,ta,50x15,12,9,29,7000,500,0.004142857142857143,0.058
ta_50x15,ta,50x15,12,10,37,7000,500,0.005285714285714286,0.074
ta_50x15,ta,50x15,12,11,40,7000,500,0.005714285714285714,0.08
ta_50x15,ta,50x15,12,13,30,7000,500,0.004285714285714286,0.06
ta_50x15,ta,50x15,12,14,24,7000,500,0.0034285714285714284,0.048
ta_50x15,ta,50x15,13,0,31,7000,500,0.004428571428571428,0.062
ta_50x15,ta,50x15,13,1,39,7000,500,0.005571428571428572,0.078
ta_50x15,ta,50x15,13,2,30,7000,500,0.004285714285714286,0.06
ta_50x15,ta,50x15,13,3,37,7000,500,0.005285714285714286,0.074
ta_50x15,ta,50x15,13,4,31,7000,500,0.004428571428571428,0.062
ta_50x15,ta,50x15,13,5,32,7000,500,0.004571428571428572,0.064
ta_50x15,ta,50x15,13,6,30,7000,500,0.004285714285714286,0.06
ta_50x15,ta,50x15,13,7,27,7000,500,0.003857142857142857,0.054
ta_50x15,ta,50x15,13,8,36,7000,500,0.005142857142857143,0.072
ta_50x15,ta,50x15,13,9,31,7000,500,0.004428571428571428,0.062
ta_50x15,ta,50x15,13,10,29,7000,500,0.004142857142857143,0.058
ta_50x15,ta,50x15,13,11,35,7000,500,0.005,0.07
ta_50x15,ta,50x15,13,12,37,7000,500,0.005285714285714286,0.074
ta_50x15,ta,50x15,13,14,46,7000,500,0.006571428571428572,0.092
ta_50x15,ta,50x15,14,0,36,7000,500,0.005142857142857143,0.072
ta_50x15,ta,50x15,14,1,32,7000,500,0.004571428571428572,0.064
ta_50x15,ta,50x15,14,2,36,7000,500,0.005142857142857143,0.072
ta_50x15,ta,50x15,14,3,23,7000,500,0.003285714285714286,0.046
ta_50x15,ta,50x15,14,4,27,7000,500,0.003857142857142857,0.054
ta_50x15,ta,50x15,14,5,41,7000,500,0.005857142857142857,0.082
ta_50x15,ta,50x15,14,6,39,7000,500,0.005571428571428572,0.078
ta_50x15,ta,50x15,14,7,41,7000,500,0.005857142857142857,0.082
ta_50x15,ta,50x15,14,8,23,7000,500,0.003285714285714286,0.046
ta_50x15,ta,50x15,14,9,28,7000,500,0.004,0.056
ta_50x15,ta,50x15,14,10,35,7000,500,0.005,0.07
ta_50x15,ta,50x15,14,11,42,7000,500,0.006,0.084
ta_50x15,ta,50x15,14,12,39,7000,500,0.005571428571428572,0.078
ta_50x15,ta,50x15,14,13,23,7000,500,0.003285714285714286,0.046
ta_50x20,ta,50x20,0,1,27,9500,500,0.002842105263157895,0.054
ta_50x20,ta,50x20,0,2,21,9500,500,0.0022105263157894735,0.042
ta_50x20,ta,50x20,0,3,19,9500,500,0.002,0.038
ta_50x20,ta,50x20,0,4,26,9500,500,0.0027368421052631577,0.052
ta_50x20,ta,50x20,0,5,27,9500,500,0.002842105263157895,0.054
ta_50x20,ta,50x20,0,6,28,9500,500,0.0029473684210526317,0.056
ta_50x20,ta,50x20,0,7,24,9500,500,0.0025263157894736842,0.048
ta_50x20,ta,50x20,0,8,26,9500,500,0.0027368421052631577,0.052
ta_50x20,ta,50x20,0,9,30,9500,500,0.003157894736842105,0.06
ta_50x20,ta,50x20,0,10,27,9500,500,0.002842105263157895,0.054
ta_50x20,ta,50x20,0,11,20,9500,500,0.002105263157894737,0.04
ta_50x20,ta,50x20,0,12,22,9500,500,0.0023157894736842107,0.044
ta_50x20,ta,50x20,0,13,36,9500,500,0.003789473684210526,0.072
ta_50x20,ta,50x20,0,14,26,9500,500,0.0027368421052631577,0.052
ta_50x20,ta,50x20,0,15,21,9500,500,0.0022105263157894735,0.042
ta_50x20,ta,50x20,0,16,15,9500,500,0.0015789473684210526,0.03
ta_50x20,ta,50x20,0,17,25,9500,500,0.002631578947368421,0.05
ta_50x20,ta,50x20,0,18,28,9500,500,0.0029473684210526317,0.056
ta_50x20,ta,50x20,0,19,29,9500,500,0.0030526315789473684,0.058
ta_50x20,ta,50x20,1,0,29,9500,500,0.0030526315789473684,0.058
ta_50x20,ta,50x20,1,2,33,9500,500,0.003473684210526316,0.066
ta_50x20,ta,50x20,1,3,33,9500,500,0.003473684210526316,0.066
ta_50x20,ta,50x20,1,4,25,9500,500,0.002631578947368421,0.05
ta_50x20,ta,50x20,1,5,24,9500,500,0.0025263157894736842,0.048
ta_50x20,ta,50x20,1,6,24,9500,500,0.0025263157894736842,0.048
ta_50x20,ta,50x20,1,7,26,9500,500,0.0027368421052631577,0.052
ta_50x20,ta,50x20,1,8,28,9500,500,0.0029473684210526317,0.056
ta_50x20,ta,50x20,1,9,30,9500,500,0.003157894736842105,0.06
ta_50x20,ta,50x20,1,10,18,9500,500,0.001894736842105263,0.036
ta_50x20,ta,50x20,1,11,31,9500,500,0.003263157894736842,0.062
ta_50x20,ta,50x20,1,12,17,9500,500,0.0017894736842105263,0.034
ta_50x20,ta,50x20,1,13,27,9500,500,0.002842105263157895,0.054
ta_50x20,ta,50x20,1,14,16,9500,500,0.0016842105263157896,0.032
ta_50x20,ta,50x20,1,15,32,9500,500,0.003368421052631579,0.064
ta_50x20,ta,50x20,1,16,21,9500,500,0.0022105263157894735,0.042
ta_50x20,ta,50x20,1,17,25,9500,500,0.002631578947368421,0.05
ta_50x20,ta,50x20,1,18,17,9500,500,0.0017894736842105263,0.034
ta_50x20,ta,50x20,1,19,19,9500,500,0.002,0.038
ta_50x20,ta,50x20,2,0,28,9500,500,0.0029473684210526317,0.056
ta_50x20,ta,50x20,2,1,21,9500,500,0.0022105263157894735,0.042
ta_50x20,ta,50x20,2,3,28,9500,500,0.0029473684210526317,0.056
ta_50x20,ta,50x20,2,4,28,9500,500,0.0029473684210526317,0.056
ta_50x20,ta,50x20,2,5,18,9500,500,0.001894736842105263,0.036
ta_50x20,ta,50x20,2,6,27,9500,500,0.002842105263157895,0.054
ta_50x20,ta,50x20,2,7,26,9500,500,0.0027368421052631577,0.052
ta_50x20,ta,50x20,2,8,21,9500,500,0.0022105263157894735,0.042
ta_50x20,ta,50x20,2,9,31,9500,500,0.003263157894736842,0.062
ta_50x20,ta,50x20,2,10,25,9500,500,0.002631578947368421,0.05
ta_50x20,ta,50x20,2,11,25,9500,500,0.002631578947368421,0.05
ta_50x20,ta,50x20,2,12,21,9500,500,0.0022105263157894735,0.042
ta_50x20,ta,50x20,2,13,26,9500,500,0.0027368421052631577,0.052
ta_50x20,ta,50x20,2,14,28,9500,500,0.0029473684210526317,0.056
ta_50x20,ta,50x20,2,15,23,9500,500,0.0024210526315789475,0.046
ta_50x20,ta,50x20,2,16,32,9500,500,0.003368421052631579,0.064
ta_50x20,ta,50x20,2,17,19,9500,500,0.002,0.038
ta_50x20,ta,50x20,2,18,28,9500,500,0.0029473684210526317,0.056
ta_50x20,ta,50x20,2,19,21,9500,500,0.0022105263157894735,0.042
ta_50x20,ta,50x20,3,0,23,9500,500,0.0024210526315789475,0.046
ta_50x20,ta,50x20,3,1,24,9500,500,0.0025263157894736842,0.048
ta_50x20,ta,50x20,3,2,26,9500,500,0.0027368421052631577,0.052
ta_50x20,ta,50x20,3,4,17,9500,500,0.0017894736842105263,0.034
ta_50x20,ta,50x20,3,5,24,9500,500,0.0025263157894736842,0.048
ta_50x20,ta,50x20,3,6,17,9500,500,0.0017894736842105263,0.034
ta_50x20,ta,50x20,3,7,34,9500,500,0.0035789473684210526,0.068
ta_50x20,ta,50x20,3,8,32,9500,500,0.003368421052631579,0.064
ta_50x20,ta,50x20,3,9,27,9500,500,0.002842105263157895,0.054
ta_50x20,ta,50x20,3,10,22,9500,500,0.0023157894736842107,0.044
ta_50x20,ta,50x20,3,11,22,9500,500,0.0023157894736842107,0.044
ta_50x20,ta,50x20,3,12,31,9500,500,0.003263157894736842,0.062
ta_50x20,ta,50x20,3,13,25,9500,500,0.002631578947368421,0.05
ta_50x20,ta,50x20,3,14,20,9500,500,0.002105263157894737,0.04
ta_50x20,ta,50x20,3,15,23,9500,500,0.0024210526315789475,0.046
ta_50x20,ta,50x20,3,16,34,9500,500,0.0035789473684210526,0.068
ta_50x20,ta,50x20,3,17,16,9500,500,0.0016842105263157896,0.032
ta_50x20,ta,50x20,3,18,26,9500,500,0.0027368421052631577,0.052
ta_50x20,ta,50x20,3,19,23,9500,500,0.0024210526315789475,0.046
ta_50x20,ta,50x20,4,0,36,9500,500,0.003789473684210526,0.072
ta_50x20,ta,50x20,4,1,14,9500,500,0.0014736842105263158,0.028
ta_50x20,ta,50x20,4,2,23,9500,500,0.0024210526315789475,0.046
ta_50x20,ta,50x20,4,3,26,9500,500,0.0027368421052631577,0.052
ta_50x20,ta,50x20,4,5,24,9500,500,0.0025263157894736842,0.048
ta_50x20,ta,50x20,4,6,31,9500,500,0.003263157894736842,0.062
ta_50x20,ta,50x20,4,7,23,9500,500,0.0024210526315789475,0.046
ta_50x20,ta,50x20,4,8,21,9500,500,0.0022105263157894735,0.042
ta_50x20,ta,50x20,4,9,25,9500,500,0.002631578947368421,0.05
ta_50x20,ta,50x20,4,10,25,9500,500,0.002631578947368421,0.05
ta_50x20,ta,50x20,4,11,18,9500,500,0.001894736842105263,0.036
ta_50x20,ta,50x20,4,12,28,9500,500,0.0029473684210526317,0.056
ta_50x20,ta,50x20,4,13,21,9500,500,0.0022105263157894735,0.042
ta_50x20,ta,50x20,4,14,27,9500,500,0.002842105263157895,0.054
ta_50x20,ta,50x20,4,15,20,9500,500,0.002105263157894737,0.04
ta_50x20,ta,50x20,4,16,27,9500,500,0.002842105263157895,0.054
ta_50x20,ta,50x20,4,17,32,9500,500,0.003368421052631579,0.064
ta_50x20,ta,50x20,4,18,25,9500,500,0.002631578947368421,0.05
ta_50x20,ta,50x20,4,19,29,9500,500,0.0030526315789473684,0.058
ta_50x20,ta,50x20,5,0,29,9500,500,0.0030526315789473684,0.058
ta_50x20,ta,50x20,5,1,23,9500,500,0.0024210526315789475,0.046
ta_50x20,ta,50x20,5,2,23,9500,500,0.0024210526315789475,0.046
ta_50x20,ta,50x20,5,3,26,9500,500,0.0027368421052631577,0.052
ta_50x20,ta,50x20,5,4,18,9500,500,0.001894736842105263,0.036
ta_50x20,ta,50x20,5,6,18,9500,500,0.001894736842105263,0.036
ta_50x20,ta,50x20,5,7,23,9500,500,0.0024210526315789475,0.046
ta_50x20,ta,50x20,5,8,26,9500,500,0.0027368421052631577,0.052
ta_50x20,ta,50x20,5,9,22,9500,500,0.0023157894736842107,0.044
ta_50x20,ta,50x20,5,10,26,9500,500,0.0027368421052631577,0.052
ta_50x20,ta,50x20,5,11,30,9500,500,0.003157894736842105,0.06
ta_50x20,ta,50x20,5,12,28,9500,500,0.0029473684210526317,0.056
ta_50x20,ta,50x20,5,13,25,9500,500,0.002631578947368421,0.05
ta_50x20,ta,50x20,5,14,30,9500,500,0.003157894736842105,0.06
ta_50x20,ta,50x20,5,15,32,9500,500,0.003368421052631579,0.064
ta_50x20,ta,50x20,5,16,24,9500,500,0.0025263157894736842,0.048
ta_50x20,ta,50x20,5,17,20,9500,500,0.002105263157894737,0.04
ta_50x20,ta,50x20,5,18,24,9500,500,0.0025263157894736842,0.048
ta_50x20,ta,50x20,5,19,24,9500,500,0.0025263157894736842,0.048
ta_50x20,ta,50x20,6,0,18,9500,500,0.001894736842105263,0.036
ta_50x20,ta,50x20,6,1,28,9500,500,0.0029473684210526317,0.056
ta_50x20,ta,50x20,6,2,33,9500,500,0.003473684210526316,0.066
ta_50x20,ta,50x20,6,3,37,9500,500,0.0038947368421052633,0.074
ta_50x20,ta,50x20,6,4,25,9500,500,0.002631578947368421,0.05
ta_50x20,ta,50x20,6,5,20,9500,500,0.002105263157894737,0.04
ta_50x20,ta,50x20,6,7,27,9500,500,0.002842105263157895,0.054
ta_50x20,ta,50x20,6,8,22,9500,500,0.0023157894736842107,0.044
ta_50x20,ta,50x20,6,9,29,9500,500,0.0030526315789473684,0.058
ta_50x20,ta,50x20,6,10,22,9500,500,0.0023157894736842107,0.044
ta_50x20,ta,50x20,6,11,26,9500,500,0.0027368421052631577,0.052
ta_50x20,ta,50x20,6,12,16,9500,500,0.0016842105263157896,0.032
ta_50x20,ta,50x20,6,13,32,9500,500,0.003368421052631579,0.064
ta_50x20,ta,50x20,6,14,21,9500,500,0.0022105263157894735,0.042
ta_50x20,ta,50x20,6,15,23,9500,500,0.0024210526315789475,0.046
ta_50x20,ta,50x20,6,16,29,9500,500,0.0030526315789473684,0.058
ta_50x20,ta,50x20,6,17,16,9500,500,0.0016842105263157896,0.032
ta_50x20,ta,50x20,6,18,18,9500,500,0.001894736842105263,0.036
ta_50x20,ta,50x20,6,19,33,9500,500,0.003473684210526316,0.066
ta_50x20,ta,50x20,7,0,27,9500,500,0.002842105263157895,0.054
ta_50x20,ta,50x20,7,1,30,9500,500,0.003157894736842105,0.06
ta_50x20,ta,50x20,7,2,22,9500,500,0.0023157894736842107,0.044
ta_50x20,ta,50x20,7,3,26,9500,500,0.0027368421052631577,0.052
ta_50x20,ta,50x20,7,4,26,9500,500,0.0027368421052631577,0.052
ta_50x20,ta,50x20,7,5,34,9500,500,0.0035789473684210526,0.068
ta_50x20,ta,50x20,7,6,24,9500,500,0.0025263157894736842,0.048
ta_50x20,ta,50x20,7,8,21,9500,500,0.0022105263157894735,0.042
ta_50x20,ta,50x20,7,9,16,9500,500,0.0016842105263157896,0.032
ta_50x20,ta,50x20,7,10,33,9500,500,0.003473684210526316,0.066
ta_50x20,ta,50x20,7,11,27,9500,500,0.002842105263157895,0.054
ta_50x20,ta,50x20,7,12,24,9500,500,0.0025263157894736842,0.048
ta_50x20,ta,50x20,7,13,24,9500,500,0.0025263157894736842,0.048
ta_50x20,ta,50x20,7,14,25,9500,500,0.002631578947368421,0.05
ta_50x20,ta,50x20,7,15,24,9500,500,0.0025263157894736842,0.048
ta_50x20,ta,50x20,7,16,23,9500,500,0.0024210526315789475,0.046
ta_50x20,ta,50x20,7,17,21,9500,500,0.0022105263157894735,0.042
ta_50x20,ta,50x20,7,18,30,9500,500,0.003157894736842105,0.06
ta_50x20,ta,50x20,7,19,21,9500,500,0.0022105263157894735,0.042
ta_50x20,ta,50x20,8,0,20,9500,500,0.002105263157894737,0.04
ta_50x20,ta,50x20,8,1,25,9500,500,0.002631578947368421,0.05
ta_50x20,ta,50x20,8,2,31,9500,500,0.003263157894736842,0.062
ta_50x20,ta,50x20,8,3,22,9500,500,0.0023157894736842107,0.044
ta_50x20,ta,50x20,8,4,31,9500,500,0.003263157894736842,0.062
ta_50x20,ta,50x20,8,5,25,9500,500,0.002631578947368421,0.05
ta_50x20,ta,50x20,8,6,13,9500,500,0.0013684210526315789,0.026
ta_50x20,ta,50x20,8,7,25,9500,500,0.002631578947368421,0.05
ta_50x20,ta,50x20,8,9,21,9500,500,0.0022105263157894735,0.042
ta_50x20,ta,50x20,8,10,20,9500,500,0.002105263157894737,0.04
ta_50x20,ta,50x20,8,11,23,9500,500,0.0024210526315789475,0.046
ta_50x20,ta,50x20,8,12,31,9500,500,0.003263157894736842,0.062
ta_50x20,ta,50x20,8,13,27,9500,500,0.002842105263157895,0.054
ta_50x20,ta,50x20,8,14,31,9500,500,0.003263157894736842,0.062
ta_50x20,ta,50x20,8,15,17,9500,500,0.0017894736842105263,0.034
ta_50x20,ta,50x20,8,16,23,9500,500,0.0024210526315789475,0.046
ta_50x20,ta,50x20,8,17,40,9500,500,0.004210526315789474,0.08
ta_50x20,ta,50x20,8,18,22,9500,500,0.0023157894736842107,0.044
ta_50x20,ta,50x20,8,19,24,9500,500,0.0025263157894736842,0.048
ta_50x20,ta,50x20,9,0,39,9500,500,0.004105263157894737,0.078
ta_50x20,ta,50x20,9,1,15,9500,500,0.0015789473684210526,0.03
ta_50x20,ta,50x20,9,2,19,9500,500,0.002,0.038
ta_50x20,ta,50x20,9,3,32,9500,500,0.003368421052631579,0.064
ta_50x20,ta,50x20,9,4,25,9500,500,0.002631578947368421,0.05
ta_50x20,ta,50x20,9,5,31,9500,500,0.003263157894736842,0.062
ta_50x20,ta,50x20,9,6,24,9500,500,0.0025263157894736842,0.048
ta_50x20,ta,50x20,9,7,17,9500,500,0.0017894736842105263,0.034
ta_50x20,ta,50x20,9,8,26,9500,500,0.0027368421052631577,0.052
ta_50x20,ta,50x20,9,10,28,9500,500,0.0029473684210526317,0.056
ta_50x20,ta,50x20,9,11,22,9500,500,0.0023157894736842107,0.044
ta_50x20,ta,50x20,9,12,18,9500,500,0.001894736842105263,0.036
ta_50x20,ta,50x20,9,13,28,9500,500,0.0029473684210526317,0.056
ta_50x20,ta,50x20,9,14,18,9500,500,0.001894736842105263,0.036
ta_50x20,ta,50x20,9,15,26,9500,500,0.0027368421052631577,0.052
ta_50x20,ta,50x20,9,16,22,9500,500,0.0023157894736842107,0.044
ta_50x20,ta,50x20,9,17,23,9500,500,0.0024210526315789475,0.046
ta_50x20,ta,50x20,9,18,38,9500,500,0.004,0.076
ta_50x20,ta,50x20,9,19,30,9500,500,0.003157894736842105,0.06
ta_50x20,ta,50x20,10,0,23,9500,500,0.0024210526315789475,0.046
ta_50x20,ta,50x20,10,1,30,9500,500,0.003157894736842105,0.06
ta_50x20,ta,50x20,10,2,15,9500,500,0.0015789473684210526,0.03
ta_50x20,ta,50x20,10,3,26,9500,500,0.0027368421052631577,0.052
ta_50x20,ta,50x20,10,4,24,9500,500,0.0025263157894736842,0.048
ta_50x20,ta,50x20,10,5,15,9500,500,0.0015789473684210526,0.03
ta_50x20,ta,50x20,10,6,23,9500,500,0.0024210526315789475,0.046
ta_50x20,ta,50x20,10,7,30,9500,500,0.003157894736842105,0.06
ta_50x20,ta,50x20,10,8,25,9500,500,0.002631578947368421,0.05
ta_50x20,ta,50x20,10,9,25,9500,500,0.002631578947368421,0.05
ta_50x20,ta,50x20,10,11,31,9500,500,0.003263157894736842,0.062
ta_50x20,ta,50x20,10,12,24,9500,500,0.0025263157894736842,0.048
ta_50x20,ta,50x20,10,13,28,9500,500,0.0029473684210526317,0.056
ta_50x20,ta,50x20,10,14,19,9500,500,0.002,0.038
ta_50x20,ta,50x20,10,15,29,9500,500,0.0030526315789473684,0.058
ta_50x20,ta,50x20,10,16,25,9500,500,0.002631578947368421,0.05
ta_50x20,ta,50x20,10,17,25,9500,500,0.002631578947368421,0.05
ta_50x20,ta,50x20,10,18,29,9500,500,0.0030526315789473684,0.058
ta_50x20,ta,50x20,10,19,25,9500,500,0.002631578947368421,0.05
ta_50x20,ta,50x20,11,0,32,9500,500,0.003368421052631579,0.064
ta_50x20,ta,50x20,11,1,22,9500,500,0.0023157894736842107,0.044
ta_50x20,ta,50x20,11,2,21,9500,500,0.0022105263157894735,0.042
ta_50x20,ta,50x20,11,3,28,9500,500,0.0029473684210526317,0.056
ta_50x20,ta,50x20,11,4,25,9500,500,0.002631578947368421,0.05
ta_50x20,ta,50x20,11,5,22,9500,500,0.0023157894736842107,0.044
ta_50x20,ta,50x20,11,6,29,9500,500,0.0030526315789473684,0.058
ta_50x20,ta,50x20,11,7,17,9500,500,0.0017894736842105263,0.034
ta_50x20,ta,50x20,11,8,24,9500,500,0.0025263157894736842,0.048
ta_50x20,ta,50x20,11,9,29,9500,500,0.0030526315789473684,0.058
ta_50x20,ta,50x20,11,10,19,9500,500,0.002,0.038
ta_50x20,ta,50x20,11,12,22,9500,500,0.0023157894736842107,0.044
ta_50x20,ta,50x20,11,13,22,9500,500,0.0023157894736842107,0.044
ta_50x20,ta,50x20,11,14,36,9500,500,0.003789473684210526,0.072
ta_50x20,ta,50x20,11,15,29,9500,500,0.0030526315789473684,0.058
ta_50x20,ta,50x20,11,16,29,9500,500,0.0030526315789473684,0.058
ta_50x20,ta,50x20,11,17,26,9500,500,0.0027368421052631577,0.052
ta_50x20,ta,50x20,11,18,18,9500,500,0.001894736842105263,0.036
ta_50x20,ta,50x20,11,19,29,9500,500,0.0030526315789473684,0.058
ta_50x20,ta,50x20,12,0,24,9500,500,0.0025263157894736842,0.048
ta_50x20,ta,50x20,12,1,24,9500,500,0.0025263157894736842,0.048
ta_50x20,ta,50x20,12,2,34,9500,500,0.0035789473684210526,0.068
ta_50x20,ta,50x20,12,3,17,9500,500,0.0017894736842105263,0.034
ta_50x20,ta,50x20,12,4,26,9500,500,0.0027368421052631577,0.052
ta_50x20,ta,50x20,12,5,19,9500,500,0.002,0.038
ta_50x20,ta,50x20,12,6,34,9500,500,0.0035789473684210526,0.068
ta_50x20,ta,50x20,12,7,20,9500,500,0.002105263157894737,0.04
ta_50x20,ta,50x20,12,8,24,9500,500,0.0025263157894736842,0.048
ta_50x20,ta,50x20,12,9,21,9500,500,0.0022105263157894735,0.042
ta_50x20,ta,50x20,12,10,18,9500,500,0.001894736842105263,0.036
ta_50x20,ta,50x20,12,11,32,9500,500,0.003368421052631579,0.064
ta_50x20,ta,50x20,12,13,26,9500,500,0.0027368421052631577,0.052
ta_50x20,ta,50x20,12,14,30,9500,500,0.003157894736842105,0.06
ta_50x20,ta,50x20,12,15,22,9500,500,0.0023157894736842107,0.044
ta_50x20,ta,50x20,12,16,17,9500,500,0.0017894736842105263,0.034
ta_50x20,ta,50x20,12,17,27,9500,500,0.002842105263157895,0.054
ta_50x20,ta,50x20,12,18,25,9500,500,0.002631578947368421,0.05
ta_50x20,ta,50x20,12,19,37,9500,500,0.0038947368421052633,0.074
ta_50x20,ta,50x20,13,0,16,9500,500,0.0016842105263157896,0.032
ta_50x20,ta,50x20,13,1,29,9500,500,0.0030526315789473684,0.058
ta_50x20,ta,50x20,13,2,22,9500,500,0.0023157894736842107,0.044
ta_50x20,ta,50x20,13,3,25,9500,500,0.002631578947368421,0.05
ta_50x20,ta,50x20,13,4,30,9500,500,0.003157894736842105,0.06
ta_50x20,ta,50x20,13,5,26,9500,500,0.0027368421052631577,0.052
ta_50x20,ta,50x20,13,6,30,9500,500,0.003157894736842105,0.06
ta_50x20,ta,50x20,13,7,21,9500,500,0.0022105263157894735,0.042
ta_50x20,ta,50x20,13,8,31,9500,500,0.003263157894736842,0.062
ta_50x20,ta,50x20,13,9,25,9500,500,0.002631578947368421,0.05
ta_50x20,ta,50x20,13,10,24,9500,500,0.0025263157894736842,0.048
ta_50x20,ta,50x20,13,11,28,9500,500,0.0029473684210526317,0.056
ta_50x20,ta,50x20,13,12,17,9500,500,0.0017894736842105263,0.034
ta_50x20,ta,50x20,13,14,23,9500,500,0.0024210526315789475,0.046
ta_50x20,ta,50x20,13,15,29,9500,500,0.0030526315789473684,0.058
ta_50x20,ta,50x20,13,16,19,9500,500,0.002,0.038
ta_50x20,ta,50x20,13,17,20,9500,500,0.002105263157894737,0.04
ta_50x20,ta,50x20,13,18,32,9500,500,0.003368421052631579,0.064
ta_50x20,ta,50x20,13,19,23,9500,500,0.0024210526315789475,0.046
ta_50x20,ta,50x20,14,0,30,9500,500,0.003157894736842105,0.06
ta_50x20,ta,50x20,14,1,22,9500,500,0.0023157894736842107,0.044
ta_50x20,ta,50x20,14,2,19,9500,500,0.002,0.038
ta_50x20,ta,50x20,14,3,29,9500,500,0.0030526315789473684,0.058
ta_50x20,ta,50x20,14,4,25,9500,500,0.002631578947368421,0.05
ta_50x20,ta,50x20,14,5,29,9500,500,0.0030526315789473684,0.058
ta_50x20,ta,50x20,14,6,31,9500,500,0.003263157894736842,0.062
ta_50x20,ta,50x20,14,7,33,9500,500,0.003473684210526316,0.066
ta_50x20,ta,50x20,14,8,23,9500,500,0.0024210526315789475,0.046
ta_50x20,ta,50x20,14,9,30,9500,500,0.003157894736842105,0.06
ta_50x20,ta,50x20,14,10,25,9500,500,0.002631578947368421,0.05
ta_50x20,ta,50x20,14,11,26,9500,500,0.0027368421052631577,0.052
ta_50x20,ta,50x20,14,12,23,9500,500,0.0024210526315789475,0.046
ta_50x20,ta,50x20,14,13,22,9500,500,0.0023157894736842107,0.044
ta_50x20,ta,50x20,14,15,21,9500,500,0.0022105263157894735,0.042
ta_50x20,ta,50x20,14,16,26,9500,500,0.0027368421052631577,0.052
ta_50x20,ta,50x20,14,17,22,9500,500,0.0023157894736842107,0.044
ta_50x20,ta,50x20,14,18,23,9500,500,0.0024210526315789475,0.046
ta_50x20,ta,50x20,14,19,19,9500,500,0.002,0.038
ta_50x20,ta,50x20,15,0,22,9500,500,0.0023157894736842107,0.044
ta_50x20,ta,50x20,15,1,28,9500,500,0.0029473684210526317,0.056
ta_50x20,ta,50x20,15,2,28,9500,500,0.0029473684210526317,0.056
ta_50x20,ta,50x20,15,3,26,9500,500,0.0027368421052631577,0.052
ta_50x20,ta,50x20,15,4,23,9500,500,0.0024210526315789475,0.046
ta_50x20,ta,50x20,15,5,29,9500,500,0.0030526315789473684,0.058
ta_50x20,ta,50x20,15,6,20,9500,500,0.002105263157894737,0.04
ta_50x20,ta,50x20,15,7,23,9500,500,0.0024210526315789475,0.046
ta_50x20,ta,50x20,15,8,25,9500,500,0.002631578947368421,0.05
ta_50x20,ta,50x20,15,9,19,9500,500,0.002,0.038
ta_50x20,ta,50x20,15,10,28,9500,500,0.0029473684210526317,0.056
ta_50x20,ta,50x20,15,11,25,9500,500,0.002631578947368421,0.05
ta_50x20,ta,50x20,15,12,39,9500,500,0.004105263157894737,0.078
ta_50x20,ta,50x20,15,13,20,9500,500,0.002105263157894737,0.04
ta_50x20,ta,50x20,15,14,19,9500,500,0.002,0.038
ta_50x20,ta,50x20,15,16,30,9500,500,0.003157894736842105,0.06
ta_50x20,ta,50x20,15,17,23,9500,500,0.0024210526315789475,0.046
ta_50x20,ta,50x20,15,18,16,9500,500,0.0016842105263157896,0.032
ta_50x20,ta,50x20,15,19,26,9500,500,0.0027368421052631577,0.052
ta_50x20,ta,50x20,16,0,25,9500,500,0.002631578947368421,0.05
ta_50x20,ta,50x20,16,1,29,9500,500,0.0030526315789473684,0.058
ta_50x20,ta,50x20,16,2,24,9500,500,0.0025263157894736842,0.048
ta_50x20,ta,50x20,16,3,21,9500,500,0.0022105263157894735,0.042
ta_50x20,ta,50x20,16,4,25,9500,500,0.002631578947368421,0.05
ta_50x20,ta,50x20,16,5,31,9500,500,0.003263157894736842,0.062
ta_50x20,ta,50x20,16,6,26,9500,500,0.0027368421052631577,0.052
ta_50x20,ta,50x20,16,7,30,9500,500,0.003157894736842105,0.06
ta_50x20,ta,50x20,16,8,26,9500,500,0.0027368421052631577,0.052
ta_50x20,ta,50x20,16,9,21,9500,500,0.0022105263157894735,0.042
ta_50x20,ta,50x20,16,10,26,9500,500,0.0027368421052631577,0.052
ta_50x20,ta,50x20,16,11,22,9500,500,0.0023157894736842107,0.044
ta_50x20,ta,50x20,16,12,28,9500,500,0.0029473684210526317,0.056
ta_50x20,ta,50x20,16,13,20,9500,500,0.002105263157894737,0.04
ta_50x20,ta,50x20,16,14,21,9500,500,0.0022105263157894735,0.042
ta_50x20,ta,50x20,16,15,27,9500,500,0.002842105263157895,0.054
ta_50x20,ta,50x20,16,17,30,9500,500,0.003157894736842105,0.06
ta_50x20,ta,50x20,16,18,25,9500,500,0.002631578947368421,0.05
ta_50x20,ta,50x20,16,19,20,9500,500,0.002105263157894737,0.04
ta_50x20,ta,50x20,17,0,26,9500,500,0.0027368421052631577,0.052
ta_50x20,ta,50x20,17,1,26,9500,500,0.0027368421052631577,0.052
ta_50x20,ta,50x20,17,2,29,9500,500,0.0030526315789473684,0.058
ta_50x20,ta,50x20,17,3,20,9500,500,0.002105263157894737,0.04
ta_50x20,ta,50x20,17,4,22,9500,500,0.0023157894736842107,0.044
ta_50x20,ta,50x20,17,5,25,9500,500,0.002631578947368421,0.05
ta_50x20,ta,50x20,17,6,26,9500,500,0.0027368421052631577,0.052
ta_50x20,ta,50x20,17,7,26,9500,500,0.0027368421052631577,0.052
ta_50x20,ta,50x20,17,8,29,9500,500,0.0030526315789473684,0.058
ta_50x20,ta,50x20,17,9,27,9500,500,0.002842105263157895,0.054
ta_50x20,ta,50x20,17,10,30,9500,500,0.003157894736842105,0.06
ta_50x20,ta,50x20,17,11,21,9500,500,0.0022105263157894735,0.042
ta_50x20,ta,50x20,17,12,32,9500,500,0.003368421052631579,0.064
ta_50x20,ta,50x20,17,13,14,9500,500,0.0014736842105263158,0.028
ta_50x20,ta,50x20,17,14,40,9500,500,0.004210526315789474,0.08
ta_50x20,ta,50x20,17,15,18,9500,500,0.001894736842105263,0.036
ta_50x20,ta,50x20,17,16,22,9500,500,0.0023157894736842107,0.044
ta_50x20,ta,50x20,17,18,20,9500,500,0.002105263157894737,0.04
ta_50x20,ta,50x20,17,19,24,9500,500,0.0025263157894736842,0.048
ta_50x20,ta,50x20,18,0,18,9500,500,0.001894736842105263,0.036
ta_50x20,ta,50x20,18,1,35,9500,500,0.0036842105263157894,0.07
ta_50x20,ta,50x20,18,2,31,9500,500,0.003263157894736842,0.062
ta_50x20,ta,50x20,18,3,17,9500,500,0.0017894736842105263,0.034
ta_50x20,ta,50x20,18,4,25,9500,500,0.002631578947368421,0.05
ta_50x20,ta,50x20,18,5,31,9500,500,0.003263157894736842,0.062
ta_50x20,ta,50x20,18,6,29,9500,500,0.0030526315789473684,0.058
ta_50x20,ta,50x20,18,7,22,9500,500,0.0023157894736842107,0.044
ta_50x20,ta,50x20,18,8,19,9500,500,0.002,0.038
ta_50x20,ta,50x20,18,9,19,9500,500,0.002,0.038
ta_50x20,ta,50x20,18,10,24,9500,500,0.0025263157894736842,0.048
ta_50x20,ta,50x20,18,11,27,9500,500,0.002842105263157895,0.054
ta_50x20,ta,50x20,18,12,23,9500,500,0.0024210526315789475,0.046
ta_50x20,ta,50x20,18,13,25,9500,500,0.002631578947368421,0.05
ta_50x20,ta,50x20,18,14,25,9500,500,0.002631578947368421,0.05
ta_50x20,ta,50x20,18,15,25,9500,500,0.002631578947368421,0.05
ta_50x20,ta,50x20,18,16,25,9500,500,0.002631578947368421,0.05
ta_50x20,ta,50x20,18,17,33,9500,500,0.003473684210526316,0.066
ta_50x20,ta,50x20,18,19,25,9500,500,0.002631578947368421,0.05
ta_50x20,ta,50x20,19,0,21,9500,500,0.0022105263157894735,0.042
ta_50x20,ta,50x20,19,1,27,9500,500,0.002842105263157895,0.054
ta_50x20,ta,50x20,19,2,25,9500,500,0.002631578947368421,0.05
ta_50x20,ta,50x20,19,3,24,9500,500,0.0025263157894736842,0.048
ta_50x20,ta,50x20,19,4,27,9500,500,0.002842105263157895,0.054
ta_50x20,ta,50x20,19,5,20,9500,500,0.002105263157894737,0.04
ta_50x20,ta,50x20,19,6,16,9500,500,0.0016842105263157896,0.032
ta_50x20,ta,50x20,19,7,24,9500,500,0.0025263157894736842,0.048
ta_50x20,ta,50x20,19,8,27,9500,500,0.002842105263157895,0.054
ta_50x20,ta,50x20,19,9,21,9500,500,0.0022105263157894735,0.042
ta_50x20,ta,50x20,19,10,28,9500,500,0.0029473684210526317,0.056
ta_50x20,ta,50x20,19,11,17,9500,500,0.0017894736842105263,0.034
ta_50x20,ta,50x20,19,12,28,9500,500,0.0029473684210526317,0.056
ta_50x20,ta,50x20,19,13,24,9500,500,0.0025263157894736842,0.048
ta_50x20,ta,50x20,19,14,28,9500,500,0.0029473684210526317,0.056
ta_50x20,ta,50x20,19,15,25,9500,500,0.002631578947368421,0.05
ta_50x20,ta,50x20,19,16,27,9500,500,0.002842105263157895,0.054
ta_50x20,ta,50x20,19,17,38,9500,500,0.004,0.076
ta_50x20,ta,50x20,19,18,32,9500,500,0.003368421052631579,0.064
yn_20x20,yn,20x20,0,1,6,1520,80,0.003947368421052632,0.075
yn_20x20,yn,20x20,0,2,1,1520,80,0.0006578947368421052,0.0125
yn_20x20,yn,20x20,0,3,7,1520,80,0.004605263157894736,0.0875
yn_20x20,yn,20x20,0,4,3,1520,80,0.001973684210526316,0.0375
yn_20x20,yn,20x20,0,5,4,1520,80,0.002631578947368421,0.05
yn_20x20,yn,20x20,0,6,6,1520,80,0.003947368421052632,0.075
yn_20x20,yn,20x20,0,7,5,1520,80,0.003289473684210526,0.0625
yn_20x20,yn,20x20,0,8,0,1520,80,0.0,0.0
yn_20x20,yn,20x20,0,9,5,1520,80,0.003289473684210526,0.0625
yn_20x20,yn,20x20,0,10,2,1520,80,0.0013157894736842105,0.025
yn_20x20,yn,20x20,0,11,2,1520,80,0.0013157894736842105,0.025
yn_20x20,yn,20x20,0,12,3,1520,80,0.001973684210526316,0.0375
yn_20x20,yn,20x20,0,13,8,1520,80,0.005263157894736842,0.1
yn_20x20,yn,20x20,0,14,9,1520,80,0.0059210526315789476,0.1125
yn_20x20,yn,20x20,0,15,4,1520,80,0.002631578947368421,0.05
yn_20x20,yn,20x20,0,16,5,1520,80,0.003289473684210526,0.0625
yn_20x20,yn,20x20,0,17,2,1520,80,0.0013157894736842105,0.025
yn_20x20,yn,20x20,0,18,4,1520,80,0.002631578947368421,0.05
yn_20x20,yn,20x20,0,19,3,1520,80,0.001973684210526316,0.0375
yn_20x20,yn,20x20,1,0,5,1520,80,0.003289473684210526,0.0625
yn_20x20,yn,20x20,1,2,3,1520,80,0.001973684210526316,0.0375
yn_20x20,yn,20x20,1,3,3,1520,80,0.001973684210526316,0.0375
yn_20x20,yn,20x20,1,4,4,1520,80,0.002631578947368421,0.05
yn_20x20,yn,20x20,1,5,7,1520,80,0.004605263157894736,0.0875
yn_20x20,yn,20x20,1,6,2,1520,80,0.0013157894736842105,0.025
yn_20x20,yn,20x20,1,7,1,1520,80,0.0006578947368421052,0.0125
yn_20x20,yn,20x20,1,8,8,1520,80,0.005263157894736842,0.1
yn_20x20,yn,20x20,1,9,2,1520,80,0.0013157894736842105,0.025
yn_20x20,yn,20x20,1,10,5,1520,80,0.003289473684210526,0.0625
yn_20x20,yn,20x20,1,11,5,1520,80,0.003289473684210526,0.0625
yn_20x20,yn,20x20,1,12,4,1520,80,0.002631578947368421,0.05
yn_20x20,yn,20x20,1,13,1,1520,80,0.0006578947368421052,0.0125
yn_20x20,yn,20x20,1,14,4,1520,80,0.002631578947368421,0.05
yn_20x20,yn,20x20,1,15,9,1520,80,0.0059210526315789476,0.1125
yn_20x20,yn,20x20,1,16,2,1520,80,0.0013157894736842105,0.025
yn_20x20,yn,20x20,1,17,6,1520,80,0.003947368421052632,0.075
yn_20x20,yn,20x20,1,18,2,1520,80,0.0013157894736842105,0.025
yn_20x20,yn,20x20,1,19,5,1520,80,0.003289473684210526,0.0625
yn_20x20,yn,20x20,2,0,3,1520,80,0.001973684210526316,0.0375
yn_20x20,yn,20x20,2,1,6,1520,80,0.003947368421052632,0.075
yn_20x20,yn,20x20,2,3,4,1520,80,0.002631578947368421,0.05
yn_20x20,yn,20x20,2,4,1,1520,80,0.0006578947368421052,0.0125
yn_20x20,yn,20x20,2,5,2,1520,80,0.0013157894736842105,0.025
yn_20x20,yn,20x20,2,6,2,1520,80,0.0013157894736842105,0.025
yn_20x20,yn,20x20,2,7,2,1520,80,0.0013157894736842105,0.025
yn_20x20,yn,20x20,2,8,4,1520,80,0.002631578947368421,0.05
yn_20x20,yn,20x20,2,9,3,1520,80,0.001973684210526316,0.0375
yn_20x20,yn,20x20,2,10,5,1520,80,0.003289473684210526,0.0625
yn_20x20,yn,20x20,2,11,8,1520,80,0.005263157894736842,0.1
yn_20x20,yn,20x20,2,12,4,1520,80,0.002631578947368421,0.05
yn_20x20,yn,20x20,2,13,3,1520,80,0.001973684210526316,0.0375
yn_20x20,yn,20x20,2,14,8,1520,80,0.005263157894736842,0.1
yn_20x20,yn,20x20,2,15,8,1520,80,0.005263157894736842,0.1
yn_20x20,yn,20x20,2,16,3,1520,80,0.001973684210526316,0.0375
yn_20x20,yn,20x20,2,17,8,1520,80,0.005263157894736842,0.1
yn_20x20,yn,20x20,2,18,3,1520,80,0.001973684210526316,0.0375
yn_20x20,yn,20x20,2,19,2,1520,80,0.0013157894736842105,0.025
yn_20x20,yn,20x20,3,0,2,1520,80,0.0013157894736842105,0.025
yn_20x20,yn,20x20,3,1,3,1520,80,0.001973684210526316,0.0375
yn_20x20,yn,20x20,3,2,7,1520,80,0.004605263157894736,0.0875
yn_20x20,yn,20x20,3,4,5,1520,80,0.003289473684210526,0.0625
yn_20x20,yn,20x20,3,5,6,1520,80,0.003947368421052632,0.075
yn_20x20,yn,20x20,3,6,7,1520,80,0.004605263157894736,0.0875
yn_20x20,yn,20x20,3,7,5,1520,80,0.003289473684210526,0.0625
yn_20x20,yn,20x20,3,8,4,1520,80,0.002631578947368421,0.05
yn_20x20,yn,20x20,3,9,4,1520,80,0.002631578947368421,0.05
yn_20x20,yn,20x20,3,10,1,1520,80,0.0006578947368421052,0.0125
yn_20x20,yn,20x20,3,11,1,1520,80,0.0006578947368421052,0.0125
yn_20x20,yn,20x20,3,12,7,1520,80,0.004605263157894736,0.0875
yn_20x20,yn,20x20,3,13,1,1520,80,0.0006578947368421052,0.0125
yn_20x20,yn,20x20,3,14,6,1520,80,0.003947368421052632,0.075
yn_20x20,yn,20x20,3,15,5,1520,80,0.003289473684210526,0.0625
yn_20x20,yn,20x20,3,16,0,1520,80,0.0,0.0
yn_20x20,yn,20x20,3,17,4,1520,80,0.002631578947368421,0.05
yn_20x20,yn,20x20,3,18,5,1520,80,0.003289473684210526,0.0625
yn_20x20,yn,20x20,3,19,2,1520,80,0.0013157894736842105,0.025
yn_20x20,yn,20x20,4,0,5,1520,80,0.003289473684210526,0.0625
yn_20x20,yn,20x20,4,1,1,1520,80,0.0006578947368421052,0.0125
yn_20x20,yn,20x20,4,2,8,1520,80,0.005263157894736842,0.1
yn_20x20,yn,20x20,4,3,5,1520,80,0.003289473684210526,0.0625
yn_20x20,yn,20x20,4,5,4,1520,80,0.002631578947368421,0.05
yn_20x20,yn,20x20,4,6,2,1520,80,0.0013157894736842105,0.025
yn_20x20,yn,20x20,4,7,3,1520,80,0.001973684210526316,0.0375
yn_20x20,yn,20x20,4,8,4,1520,80,0.002631578947368421,0.05
yn_20x20,yn,20x20,4,9,1,1520,80,0.0006578947368421052,0.0125
yn_20x20,yn,20x20,4,10,5,1520,80,0.003289473684210526,0.0625
yn_20x20,yn,20x20,4,11,6,1520,80,0.003947368421052632,0.075
yn_20x20,yn,20x20,4,12,3,1520,80,0.001973684210526316,0.0375
yn_20x20,yn,20x20,4,13,4,1520,80,0.002631578947368421,0.05
yn_20x20,yn,20x20,4,14,1,1520,80,0.0006578947368421052,0.0125
yn_20x20,yn,20x20,4,15,3,1520,80,0.001973684210526316,0.0375
yn_20x20,yn,20x20,4,16,7,1520,80,0.004605263157894736,0.0875
yn_20x20,yn,20x20,4,17,3,1520,80,0.001973684210526316,0.0375
yn_20x20,yn,20x20,4,18,5,1520,80,0.003289473684210526,0.0625
yn_20x20,yn,20x20,4,19,7,1520,80,0.004605263157894736,0.0875
yn_20x20,yn,20x20,5,0,5,1520,80,0.003289473684210526,0.0625
yn_20x20,yn,20x20,5,1,3,1520,80,0.001973684210526316,0.0375
yn_20x20,yn,20x20,5,2,5,1520,80,0.003289473684210526,0.0625
yn_20x20,yn,20x20,5,3,2,1520,80,0.0013157894736842105,0.025
yn_20x20,yn,20x20,5,4,6,1520,80,0.003947368421052632,0.075
yn_20x20,yn,20x20,5,6,5,1520,80,0.003289473684210526,0.0625
yn_20x20,yn,20x20,5,7,5,1520,80,0.003289473684210526,0.0625
yn_20x20,yn,20x20,5,8,4,1520,80,0.002631578947368421,0.05
yn_20x20,yn,20x20,5,9,12,1520,80,0.007894736842105263,0.15
yn_20x20,yn,20x20,5,10,5,1520,80,0.003289473684210526,0.0625
yn_20x20,yn,20x20,5,11,4,1520,80,0.002631578947368421,0.05
yn_20x20,yn,20x20,5,12,2,1520,80,0.0013157894736842105,0.025
yn_20x20,yn,20x20,5,13,6,1520,80,0.003947368421052632,0.075
yn_20x20,yn,20x20,5,14,0,1520,80,0.0,0.0
yn_20x20,yn,20x20,5,15,3,1520,80,0.001973684210526316,0.0375
yn_20x20,yn,20x20,5,16,1,1520,80,0.0006578947368421052,0.0125
yn_20x20,yn,20x20,5,17,3,1520,80,0.001973684210526316,0.0375
yn_20x20,yn,20x20,5,18,3,1520,80,0.001973684210526316,0.0375
yn_20x20,yn,20x20,5,19,3,1520,80,0.001973684210526316,0.0375
yn_20x20,yn,20x20,6,0,2,1520,80,0.0013157894736842105,0.025
yn_20x20,yn,20x20,6,1,5,1520,80,0.003289473684210526,0.0625
yn_20x20,yn,20x20,6,2,3,1520,80,0.001973684210526316,0.0375
yn_20x20,yn,20x20,6,3,5,1520,80,0.003289473684210526,0.0625
yn_20x20,yn,20x20,6,4,2,1520,80,0.0013157894736842105,0.025
yn_20x20,yn,20x20,6,5,5,1520,80,0.003289473684210526,0.0625
yn_20x20,yn,20x20,6,7,8,1520,80,0.005263157894736842,0.1
yn_20x20,yn,20x20,6,8,3,1520,80,0.001973684210526316,0.0375
yn_20x20,yn,20x20,6,9,5,1520,80,0.003289473684210526,0.0625
yn_20x20,yn,20x20,6,10,2,1520,80,0.0013157894736842105,0.025
yn_20x20,yn,20x20,6,11,3,1520,80,0.001973684210526316,0.0375
yn_20x20,yn,20x20,6,12,4,1520,80,0.002631578947368421,0.05
yn_20x20,yn,20x20,6,13,4,1520,80,0.002631578947368421,0.05
yn_20x20,yn,20x20,6,14,3,1520,80,0.001973684210526316,0.0375
yn_20x20,yn,20x20,6,15,4,1520,80,0.002631578947368421,0.05
yn_20x20,yn,20x20,6,16,5,1520,80,0.003289473684210526,0.0625
yn_20x20,yn,20x20,6,17,1,1520,80,0.0006578947368421052,0.0125
yn_20x20,yn,20x20,6,18,9,1520,80,0.0059210526315789476,0.1125
yn_20x20,yn,20x20,6,19,5,1520,80,0.003289473684210526,0.0625
yn_20x20,yn,20x20,7,0,5,1520,80,0.003289473684210526,0.0625
yn_20x20,yn,20x20,7,1,4,1520,80,0.002631578947368421,0.05
yn_20x20,yn,20x20,7,2,4,1520,80,0.002631578947368421,0.05
yn_20x20,yn,20x20,7,3,7,1520,80,0.004605263157894736,0.0875
yn_20x20,yn,20x20,7,4,2,1520,80,0.0013157894736842105,0.025
yn_20x20,yn,20x20,7,5,1,1520,80,0.0006578947368421052,0.0125
yn_20x20,yn,20x20,7,6,2,1520,80,0.0013157894736842105,0.025
yn_20x20,yn,20x20,7,8,3,1520,80,0.001973684210526316,0.0375
yn_20x20,yn,20x20,7,9,5,1520,80,0.003289473684210526,0.0625
yn_20x20,yn,20x20,7,10,1,1520,80,0.0006578947368421052,0.0125
yn_20x20,yn,20x20,7,11,1,1520,80,0.0006578947368421052,0.0125
yn_20x20,yn,20x20,7,12,7,1520,80,0.004605263157894736,0.0875
yn_20x20,yn,20x20,7,13,4,1520,80,0.002631578947368421,0.05
yn_20x20,yn,20x20,7,14,6,1520,80,0.003947368421052632,0.075
yn_20x20,yn,20x20,7,15,5,1520,80,0.003289473684210526,0.0625
yn_20x20,yn,20x20,7,16,9,1520,80,0.0059210526315789476,0.1125
yn_20x20,yn,20x20,7,17,5,1520,80,0.003289473684210526,0.0625
yn_20x20,yn,20x20,7,18,2,1520,80,0.0013157894736842105,0.025
yn_20x20,yn,20x20,7,19,6,1520,80,0.003947368421052632,0.075
yn_20x20,yn,20x20,8,0,8,1520,80,0.005263157894736842,0.1
yn_20x20,yn,20x20,8,1,7,1520,80,0.004605263157894736,0.0875
yn_20x20,yn,20x20,8,2,2,1520,80,0.0013157894736842105,0.025
yn_20x20,yn,20x20,8,3,4,1520,80,0.002631578947368421,0.05
yn_20x20,yn,20x20,8,4,4,1520,80,0.002631578947368421,0.05
yn_20x20,yn,20x20,8,5,1,1520,80,0.0006578947368421052,0.0125
yn_20x20,yn,20x20,8,6,6,1520,80,0.003947368421052632,0.075
yn_20x20,yn,20x20,8,7,2,1520,80,0.0013157894736842105,0.025
yn_20x20,yn,20x20,8,9,4,1520,80,0.002631578947368421,0.05
yn_20x20,yn,20x20,8,10,6,1520,80,0.003947368421052632,0.075
yn_20x20,yn,20x20,8,11,1,1520,80,0.0006578947368421052,0.0125
yn_20x20,yn,20x20,8,12,7,1520,80,0.004605263157894736,0.0875
yn_20x20,yn,20x20,8,13,0,1520,80,0.0,0.0
yn_20x20,yn,20x20,8,14,5,1520,80,0.003289473684210526,0.0625
yn_20x20,yn,20x20,8,15,8,1520,80,0.005263157894736842,0.1
yn_20x20,yn,20x20,8,16,2,1520,80,0.0013157894736842105,0.025
yn_20x20,yn,20x20,8,17,2,1520,80,0.0013157894736842105,0.025
yn_20x20,yn,20x20,8,18,3,1520,80,0.001973684210526316,0.0375
yn_20x20,yn,20x20,8,19,5,1520,80,0.003289473684210526,0.0625
yn_20x20,yn,20x20,9,0,2,1520,80,0.0013157894736842105,0.025
yn_20x20,yn,20x20,9,1,3,1520,80,0.001973684210526316,0.0375
yn_20x20,yn,20x20,9,2,6,1520,80,0.003947368421052632,0.075
yn_20x20,yn,20x20,9,3,2,1520,80,0.0013157894736842105,0.025
yn_20x20,yn,20x20,9,4,5,1520,80,0.003289473684210526,0.0625
yn_20x20,yn,20x20,9,5,5,1520,80,0.003289473684210526,0.0625
yn_20x20,yn,20x20,9,6,4,1520,80,0.002631578947368421,0.05
yn_20x20,yn,20x20,9,7,8,1520,80,0.005263157894736842,0.1
yn_20x20,yn,20x20,9,8,4,1520,80,0.002631578947368421,0.05
yn_20x20,yn,20x20,9,10,2,1520,80,0.0013157894736842105,0.025
yn_20x20,yn,20x20,9,11,5,1520,80,0.003289473684210526,0.0625
yn_20x20,yn,20x20,9,12,2,1520,80,0.0013157894736842105,0.025
yn_20x20,yn,20x20,9,13,2,1520,80,0.0013157894736842105,0.025
yn_20x20,yn,20x20,9,14,5,1520,80,0.003289473684210526,0.0625
yn_20x20,yn,20x20,9,15,7,1520,80,0.004605263157894736,0.0875
yn_20x20,yn,20x20,9,16,4,1520,80,0.002631578947368421,0.05
yn_20x20,yn,20x20,9,17,3,1520,80,0.001973684210526316,0.0375
yn_20x20,yn,20x20,9,18,5,1520,80,0.003289473684210526,0.0625
yn_20x20,yn,20x20,9,19,3,1520,80,0.001973684210526316,0.0375
yn_20x20,yn,20x20,10,0,3,1520,80,0.001973684210526316,0.0375
yn_20x20,yn,20x20,10,1,1,1520,80,0.0006578947368421052,0.0125
yn_20x20,yn,20x20,10,2,6,1520,80,0.003947368421052632,0.075
yn_20x20,yn,20x20,10,3,6,1520,80,0.003947368421052632,0.075
yn_20x20,yn,20x20,10,4,3,1520,80,0.001973684210526316,0.0375
yn_20x20,yn,20x20,10,5,3,1520,80,0.001973684210526316,0.0375
yn_20x20,yn,20x20,10,6,6,1520,80,0.003947368421052632,0.075
yn_20x20,yn,20x20,10,7,4,1520,80,0.002631578947368421,0.05
yn_20x20,yn,20x20,10,8,3,1520,80,0.001973684210526316,0.0375
yn_20x20,yn,20x20,10,9,4,1520,80,0.002631578947368421,0.05
yn_20x20,yn,20x20,10,11,4,1520,80,0.002631578947368421,0.05
yn_20x20,yn,20x20,10,12,7,1520,80,0.004605263157894736,0.0875
yn_20x20,yn,20x20,10,13,6,1520,80,0.003947368421052632,0.075
yn_20x20,yn,20x20,10,14,5,1520,80,0.003289473684210526,0.0625
yn_20x20,yn,20x20,10,15,6,1520,80,0.003947368421052632,0.075
yn_20x20,yn,20x20,10,16,3,1520,80,0.001973684210526316,0.0375
yn_20x20,yn,20x20,10,17,3,1520,80,0.001973684210526316,0.0375
yn_20x20,yn,20x20,10,18,4,1520,80,0.002631578947368421,0.05
yn_20x20,yn,20x20,10,19,3,1520,80,0.001973684210526316,0.0375
yn_20x20,yn,20x20,11,0,3,1520,80,0.001973684210526316,0.0375
yn_20x20,yn,20x20,11,1,8,1520,80,0.005263157894736842,0.1
yn_20x20,yn,20x20,11,2,3,1520,80,0.001973684210526316,0.0375
yn_20x20,yn,20x20,11,3,2,1520,80,0.0013157894736842105,0.025
yn_20x20,yn,20x20,11,4,12,1520,80,0.007894736842105263,0.15
yn_20x20,yn,20x20,11,5,7,1520,80,0.004605263157894736,0.0875
yn_20x20,yn,20x20,11,6,4,1520,80,0.002631578947368421,0.05
yn_20x20,yn,20x20,11,7,4,1520,80,0.002631578947368421,0.05
yn_20x20,yn,20x20,11,8,3,1520,80,0.001973684210526316,0.0375
yn_20x20,yn,20x20,11,9,1,1520,80,0.0006578947368421052,0.0125
yn_20x20,yn,20x20,11,10,4,1520,80,0.002631578947368421,0.05
yn_20x20,yn,20x20,11,12,4,1520,80,0.002631578947368421,0.05
yn_20x20,yn,20x20,11,13,2,1520,80,0.0013157894736842105,0.025
yn_20x20,yn,20x20,11,14,5,1520,80,0.003289473684210526,0.0625
yn_20x20,yn,20x20,11,15,1,1520,80,0.0006578947368421052,0.0125
yn_20x20,yn,20x20,11,16,3,1520,80,0.001973684210526316,0.0375
yn_20x20,yn,20x20,11,17,5,1520,80,0.003289473684210526,0.0625
yn_20x20,yn,20x20,11,18,0,1520,80,0.0,0.0
yn_20x20,yn,20x20,11,19,4,1520,80,0.002631578947368421,0.05
yn_20x20,yn,20x20,12,0,2,1520,80,0.0013157894736842105,0.025
yn_20x20,yn,20x20,12,1,2,1520,80,0.0013157894736842105,0.025
yn_20x20,yn,20x20,12,2,5,1520,80,0.003289473684210526,0.0625
yn_20x20,yn,20x20,12,3,6,1520,80,0.003947368421052632,0.075
yn_20x20,yn,20x20,12,4,2,1520,80,0.0013157894736842105,0.025
yn_20x20,yn,20x20,12,5,6,1520,80,0.003947368421052632,0.075
yn_20x20,yn,20x20,12,6,2,1520,80,0.0013157894736842105,0.025
yn_20x20,yn,20x20,12,7,7,1520,80,0.004605263157894736,0.0875
yn_20x20,yn,20x20,12,8,3,1520,80,0.001973684210526316,0.0375
yn_20x20,yn,20x20,12,9,1,1520,80,0.0006578947368421052,0.0125
yn_20x20,yn,20x20,12,10,4,1520,80,0.002631578947368421,0.05
yn_20x20,yn,20x20,12,11,9,1520,80,0.0059210526315789476,0.1125
yn_20x20,yn,20x20,12,13,7,1520,80,0.004605263157894736,0.0875
yn_20x20,yn,20x20,12,14,4,1520,80,0.002631578947368421,0.05
yn_20x20,yn,20x20,12,15,2,1520,80,0.0013157894736842105,0.025
yn_20x20,yn,20x20,12,16,6,1520,80,0.003947368421052632,0.075
yn_20x20,yn,20x20,12,17,0,1520,80,0.0,0.0
yn_20x20,yn,20x20,12,18,5,1520,80,0.003289473684210526,0.0625
yn_20x20,yn,20x20,12,19,4,1520,80,0.002631578947368421,0.05
yn_20x20,yn,20x20,13,0,3,1520,80,0.001973684210526316,0.0375
yn_20x20,yn,20x20,13,1,3,1520,80,0.001973684210526316,0.0375
yn_20x20,yn,20x20,13,2,6,1520,80,0.003947368421052632,0.075
yn_20x20,yn,20x20,13,3,4,1520,80,0.002631578947368421,0.05
yn_20x20,yn,20x20,13,4,4,1520,80,0.002631578947368421,0.05
yn_20x20,yn,20x20,13,5,4,1520,80,0.002631578947368421,0.05
yn_20x20,yn,20x20,13,6,9,1520,80,0.0059210526315789476,0.1125
yn_20x20,yn,20x20,13,7,5,1520,80,0.003289473684210526,0.0625
yn_20x20,yn,20x20,13,8,2,1520,80,0.0013157894736842105,0.025
yn_20x20,yn,20x20,13,9,3,1520,80,0.001973684210526316,0.0375
yn_20x20,yn,20x20,13,10,8,1520,80,0.005263157894736842,0.1
yn_20x20,yn,20x20,13,11,4,1520,80,0.002631578947368421,0.05
yn_20x20,yn,20x20,13,12,2,1520,80,0.0013157894736842105,0.025
yn_20x20,yn,20x20,13,14,3,1520,80,0.001973684210526316,0.0375
yn_20x20,yn,20x20,13,15,3,1520,80,0.001973684210526316,0.0375
yn_20x20,yn,20x20,13,16,2,1520,80,0.0013157894736842105,0.025
yn_20x20,yn,20x20,13,17,7,1520,80,0.004605263157894736,0.0875
yn_20x20,yn,20x20,13,18,4,1520,80,0.002631578947368421,0.05
yn_20x20,yn,20x20,13,19,4,1520,80,0.002631578947368421,0.05
yn_20x20,yn,20x20,14,0,7,1520,80,0.004605263157894736,0.0875
yn_20x20,yn,20x20,14,1,8,1520,80,0.005263157894736842,0.1
yn_20x20,yn,20x20,14,2,2,1520,80,0.0013157894736842105,0.025
yn_20x20,yn,20x20,14,3,5,1520,80,0.003289473684210526,0.0625
yn_20x20,yn,20x20,14,4,3,1520,80,0.001973684210526316,0.0375
yn_20x20,yn,20x20,14,5,5,1520,80,0.003289473684210526,0.0625
yn_20x20,yn,20x20,14,6,5,1520,80,0.003289473684210526,0.0625
yn_20x20,yn,20x20,14,7,2,1520,80,0.0013157894736842105,0.025
yn_20x20,yn,20x20,14,8,9,1520,80,0.0059210526315789476,0.1125
yn_20x20,yn,20x20,14,9,4,1520,80,0.002631578947368421,0.05
yn_20x20,yn,20x20,14,10,3,1520,80,0.001973684210526316,0.0375
yn_20x20,yn,20x20,14,11,2,1520,80,0.0013157894736842105,0.025
yn_20x20,yn,20x20,14,12,2,1520,80,0.0013157894736842105,0.025
yn_20x20,yn,20x20,14,13,6,1520,80,0.003947368421052632,0.075
yn_20x20,yn,20x20,14,15,4,1520,80,0.002631578947368421,0.05
yn_20x20,yn,20x20,14,16,0,1520,80,0.0,0.0
yn_20x20,yn,20x20,14,17,5,1520,80,0.003289473684210526,0.0625
yn_20x20,yn,20x20,14,18,3,1520,80,0.001973684210526316,0.0375
yn_20x20,yn,20x20,14,19,3,1520,80,0.001973684210526316,0.0375
yn_20x20,yn,20x20,15,0,4,1520,80,0.002631578947368421,0.05
yn_20x20,yn,20x20,15,1,3,1520,80,0.001973684210526316,0.0375
yn_20x20,yn,20x20,15,2,9,1520,80,0.0059210526315789476,0.1125
yn_20x20,yn,20x20,15,3,1,1520,80,0.0006578947368421052,0.0125
yn_20x20,yn,20x20,15,4,6,1520,80,0.003947368421052632,0.075
yn_20x20,yn,20x20,15,5,3,1520,80,0.001973684210526316,0.0375
yn_20x20,yn,20x20,15,6,4,1520,80,0.002631578947368421,0.05
yn_20x20,yn,20x20,15,7,0,1520,80,0.0,0.0
yn_20x20,yn,20x20,15,8,8,1520,80,0.005263157894736842,0.1
yn_20x20,yn,20x20,15,9,3,1520,80,0.001973684210526316,0.0375
yn_20x20,yn,20x20,15,10,2,1520,80,0.0013157894736842105,0.025
yn_20x20,yn,20x20,15,11,3,1520,80,0.001973684210526316,0.0375
yn_20x20,yn,20x20,15,12,0,1520,80,0.0,0.0
yn_20x20,yn,20x20,15,13,6,1520,80,0.003947368421052632,0.075
yn_20x20,yn,20x20,15,14,3,1520,80,0.001973684210526316,0.0375
yn_20x20,yn,20x20,15,16,4,1520,80,0.002631578947368421,0.05
yn_20x20,yn,20x20,15,17,4,1520,80,0.002631578947368421,0.05
yn_20x20,yn,20x20,15,18,9,1520,80,0.0059210526315789476,0.1125
yn_20x20,yn,20x20,15,19,4,1520,80,0.002631578947368421,0.05
yn_20x20,yn,20x20,16,0,5,1520,80,0.003289473684210526,0.0625
yn_20x20,yn,20x20,16,1,6,1520,80,0.003947368421052632,0.075
yn_20x20,yn,20x20,16,2,0,1520,80,0.0,0.0
yn_20x20,yn,20x20,16,3,5,1520,80,0.003289473684210526,0.0625
yn_20x20,yn,20x20,16,4,0,1520,80,0.0,0.0
yn_20x20,yn,20x20,16,5,4,1520,80,0.002631578947368421,0.05
yn_20x20,yn,20x20,16,6,3,1520,80,0.001973684210526316,0.0375
yn_20x20,yn,20x20,16,7,6,1520,80,0.003947368421052632,0.075
yn_20x20,yn,20x20,16,8,3,1520,80,0.001973684210526316,0.0375
yn_20x20,yn,20x20,16,9,2,1520,80,0.0013157894736842105,0.025
yn_20x20,yn,20x20,16,10,6,1520,80,0.003947368421052632,0.075
yn_20x20,yn,20x20,16,11,10,1520,80,0.006578947368421052,0.125
yn_20x20,yn,20x20,16,12,8,1520,80,0.005263157894736842,0.1
yn_20x20,yn,20x20,16,13,4,1520,80,0.002631578947368421,0.05
yn_20x20,yn,20x20,16,14,1,1520,80,0.0006578947368421052,0.0125
yn_20x20,yn,20x20,16,15,1,1520,80,0.0006578947368421052,0.0125
yn_20x20,yn,20x20,16,17,3,1520,80,0.001973684210526316,0.0375
yn_20x20,yn,20x20,16,18,2,1520,80,0.0013157894736842105,0.025
yn_20x20,yn,20x20,16,19,5,1520,80,0.003289473684210526,0.0625
yn_20x20,yn,20x20,17,0,6,1520,80,0.003947368421052632,0.075
yn_20x20,yn,20x20,17,1,5,1520,80,0.003289473684210526,0.0625
yn_20x20,yn,20x20,17,2,3,1520,80,0.001973684210526316,0.0375
yn_20x20,yn,20x20,17,3,3,1520,80,0.001973684210526316,0.0375
yn_20x20,yn,20x20,17,4,6,1520,80,0.003947368421052632,0.075
yn_20x20,yn,20x20,17,5,4,1520,80,0.002631578947368421,0.05
yn_20x20,yn,20x20,17,6,2,1520,80,0.0013157894736842105,0.025
yn_20x20,yn,20x20,17,7,3,1520,80,0.001973684210526316,0.0375
yn_20x20,yn,20x20,17,8,4,1520,80,0.002631578947368421,0.05
yn_20x20,yn,20x20,17,9,4,1520,80,0.002631578947368421,0.05
yn_20x20,yn,20x20,17,10,6,1520,80,0.003947368421052632,0.075
yn_20x20,yn,20x20,17,11,4,1520,80,0.002631578947368421,0.05
yn_20x20,yn,20x20,17,12,5,1520,80,0.003289473684210526,0.0625
yn_20x20,yn,20x20,17,13,3,1520,80,0.001973684210526316,0.0375
yn_20x20,yn,20x20,17,14,5,1520,80,0.003289473684210526,0.0625
yn_20x20,yn,20x20,17,15,1,1520,80,0.0006578947368421052,0.0125
yn_20x20,yn,20x20,17,16,4,1520,80,0.002631578947368421,0.05
yn_20x20,yn,20x20,17,18,5,1520,80,0.003289473684210526,0.0625
yn_20x20,yn,20x20,17,19,2,1520,80,0.0013157894736842105,0.025
yn_20x20,yn,20x20,18,0,5,1520,80,0.003289473684210526,0.0625
yn_20x20,yn,20x20,18,1,0,1520,80,0.0,0.0
yn_20x20,yn,20x20,18,2,5,1520,80,0.003289473684210526,0.0625
yn_20x20,yn,20x20,18,3,3,1520,80,0.001973684210526316,0.0375
yn_20x20,yn,20x20,18,4,2,1520,80,0.0013157894736842105,0.025
yn_20x20,yn,20x20,18,5,2,1520,80,0.0013157894736842105,0.025
yn_20x20,yn,20x20,18,6,4,1520,80,0.002631578947368421,0.05
yn_20x20,yn,20x20,18,7,2,1520,80,0.0013157894736842105,0.025
yn_20x20,yn,20x20,18,8,5,1520,80,0.003289473684210526,0.0625
yn_20x20,yn,20x20,18,9,3,1520,80,0.001973684210526316,0.0375
yn_20x20,yn,20x20,18,10,10,1520,80,0.006578947368421052,0.125
yn_20x20,yn,20x20,18,11,2,1520,80,0.0013157894736842105,0.025
yn_20x20,yn,20x20,18,12,4,1520,80,0.002631578947368421,0.05
yn_20x20,yn,20x20,18,13,4,1520,80,0.002631578947368421,0.05
yn_20x20,yn,20x20,18,14,2,1520,80,0.0013157894736842105,0.025
yn_20x20,yn,20x20,18,15,2,1520,80,0.0013157894736842105,0.025
yn_20x20,yn,20x20,18,16,5,1520,80,0.003289473684210526,0.0625
yn_20x20,yn,20x20,18,17,6,1520,80,0.003947368421052632,0.075
yn_20x20,yn,20x20,18,19,7,1520,80,0.004605263157894736,0.0875
yn_20x20,yn,20x20,19,0,1,1520,80,0.0006578947368421052,0.0125
yn_20x20,yn,20x20,19,1,3,1520,80,0.001973684210526316,0.0375
yn_20x20,yn,20x20,19,2,1,1520,80,0.0006578947368421052,0.0125
yn_20x20,yn,20x20,19,3,4,1520,80,0.002631578947368421,0.05
yn_20x20,yn,20x20,19,4,2,1520,80,0.0013157894736842105,0.025
yn_20x20,yn,20x20,19,5,2,1520,80,0.0013157894736842105,0.025
yn_20x20,yn,20x20,19,6,3,1520,80,0.001973684210526316,0.0375
yn_20x20,yn,20x20,19,7,3,1520,80,0.001973684210526316,0.0375
yn_20x20,yn,20x20,19,8,4,1520,80,0.002631578947368421,0.05
yn_20x20,yn,20x20,19,9,6,1520,80,0.003947368421052632,0.075
yn_20x20,yn,20x20,19,10,1,1520,80,0.0006578947368421052,0.0125
yn_20x20,yn,20x20,19,11,4,1520,80,0.002631578947368421,0.05
yn_20x20,yn,20x20,19,12,3,1520,80,0.001973684210526316,0.0375
yn_20x20,yn,20x20,19,13,3,1520,80,0.001973684210526316,0.0375
yn_20x20,yn,20x20,19,14,2,1520,80,0.0013157894736842105,0.025
yn_20x20,yn,20x20,19,15,3,1520,80,0.001973684210526316,0.0375
yn_20x20,yn,20x20,19,16,7,1520,80,0.004605263157894736,0.0875
yn_20x20,yn,20x20,19,17,3,1520,80,0.001973684210526316,0.0375
yn_20x20,yn,20x20,19,18,1,1520,80,0.0006578947368421052,0.0125
